GO.ID	Description	p.Val	FDR	Phenotype	Genes
GO:0070097	delta-catenin binding	0.02616812070128465	0.02616812070128465	+1	RS3092043,RS10062069
GO:0045295	gamma-catenin binding	0.043197705856391135	0.043197705856391135	+1	RS3092043,RS10062069
CORUM:6102	ZP3-IZUMO1 complex	0.04965058401499422	0.04965058401499422	+1	RS2307019