GO.ID	Description	p.Val	FDR	Phenotype	Genes
GO:0004964	luteinizing hormone receptor activity	0.0023786940317658697	0.0023786940317658697	+1	ENSG00000138039,ENSG00000279956
GO:0042700	luteinizing hormone signaling pathway	0.024693749187989077	0.024693749187989077	+1	ENSG00000138039,ENSG00000279956
GO:0005672	transcription factor TFIIA complex	0.0167465667096169	0.0167465667096169	+1	ENSG00000068781,ENSG00000242441
REAC:R-HSA-164944	Nef and signal transduction	0.03751372566886282	0.03751372566886282	+1	RS10265823,RS9109
CORUM:2023	STAT5A homodimer complex	0.04979005194761437	0.04979005194761437	+1	RS3198502