GO.ID	Description	p.Val	FDR	Phenotype	Genes
CORUM:2791	MCM4-MCM6-MCM7 complex	0.049902191704255645	0.049902191704255645	+1	RS4988235
CORUM:3199	SKI-SMAD3 complex	0.049902191704255645	0.049902191704255645	+1	RS4601989
CORUM:3733	SKI-SMAD3 complex	0.049902191704255645	0.049902191704255645	+1	RS4601989