GO.ID	Description	p.Val	FDR	Phenotype	Genes
GO:0031721	hemoglobin alpha binding	0.013859077145354141	0.013859077145354141	+1	ENSG00000196565,ENSG00000213931
GO:0030492	hemoglobin binding	0.04964911705280109	0.04964911705280109	+1	ENSG00000196565,ENSG00000213931
GO:0031838	haptoglobin-hemoglobin complex	0.0416263676924247	0.0416263676924247	+1	ENSG00000196565,ENSG00000213931
TF:M00770	Factor: C/EBP; motif: NNNTKNNGNAAN	0.0004430724682878837	0.0004430724682878837	+1	RS11247870,RS4894724,RS2811802,RS10877902,RS4931635,RS2171209,ENSG00000149600,ENSG00000285382,RS4329483,RS11581894,ENSG00000117091,RS7165303,RS11709691,ENSG00000167355,ENSG00000196565,ENSG00000213931,ENSG00000239920,RS2824722,RS135392,RS13138544,RS7084875,RS2691809,RS2160643,RS12162233,RS293875,RS747580,ENSG00000155275
HP:0020119	Abnormal retinal nerve fiber layer morphology	0.01985944376489793	0.01985944376489793	+1	RS8891,RS4770433