GO.ID	Description	p.Val	FDR	Phenotype	Genes
GO:0008094	ATP-dependent activity, acting on DNA	0.011408191941806207	0.011408191941806207	+1	RS11849344,ENSG00000125885,ENSG00000286235,RS160702
WP:WP3668	Hypothesized pathways in pathogenesis of cardiovascular disease	0.044920052377212916	0.044920052377212916	+1	RS8025774,ENSG00000091879
CORUM:3199	SKI-SMAD3 complex	0.04995845122140687	0.04995845122140687	+1	RS8025774
CORUM:3733	SKI-SMAD3 complex	0.04995845122140687	0.04995845122140687	+1	RS8025774