GO.ID	Description	p.Val	FDR	Phenotype	Genes
GO:0019911	structural constituent of myelin sheath	0.0252195853240475	0.0252195853240475	+1	RS12959006,RS3893315
GO:0043218	compact myelin	0.02553422821574802	0.02553422821574802	+1	RS12959006,RS3893315