rs1558697_T,rs12533473_C,rs1378613_T,rs4871791_T,rs10815183_C,rs3012675_G,rs10489762_T,rs1174656_A,rs6424909_G,rs2491430_C,rs1948080_G,rs7081563_T,rs567229_A,rs10786828_A,rs1023551_T,rs10744030_A,rs7990415_T,rs1333748_G,rs1333746_A,rs7320534_C,rs4772641_A,rs11628843_G,rs1544846_T,rs857230_G,rs8033503_G,rs8033723_C,rs28469650_G,rs9920181_T,rs714647_G,rs7172127_A,rs190108_T,rs10775299_T,rs11642137_T,rs12232384_A,rs6507838_C,rs4511648_T,rs6047163_T,rs2423366_A,rs2830201_C,rs4818067_C,rs5751416_A,rs6621944_T,rs11092578_T,rs1285740_C,rs1294085_T,rs16864923_G,rs10865864_G,rs4392367_A,rs1806722_C,rs7654754_G,rs1348029_A,rs7669556_G,rs12406019_G,rs11162634_C,rs2194193_T,rs10056291_T,rs469522_G,rs1653098_A,rs9505309_G,rs6922018_A,rs3907134_A,rs3777969_T,rs1557142_A,rs1885697_G,Labels
-2,-3,-1,0,5,-1,0,0,0,0,-2,1,2,-1,-1,-1,1,0,0,0,3,-1,0,1,-1,1,1,1,1,3,0,4,1,1,2,1,1,1,-1,1,2,-1,2,-2,0,2,-4,2,-4,-4,0,-2,-2,-3,1,2,-1,1,2,1,2,2,-2,1,1
0,-3,-1,-2,5,-1,2,2,2,2,0,1,0,-3,1,1,1,-2,-2,-2,1,1,2,1,-1,1,-1,3,1,3,0,-2,3,-1,0,1,1,1,3,-1,0,-1,0,0,-2,0,-4,-2,4,-2,0,-2,0,-3,1,2,-1,3,0,-1,-2,0,0,1,1
0,-1,1,-2,-3,-1,-2,-2,-2,-2,2,1,0,3,1,1,1,-2,-2,-2,-1,1,2,-1,-1,-1,-1,-1,-1,-1,-2,-2,1,-1,0,1,-3,1,-1,-1,2,1,-4,-2,-2,-2,-4,-2,-4,0,0,-2,-2,3,1,2,-1,1,-2,-1,-2,2,0,1,1
-2,-1,-1,2,7,1,0,0,0,0,0,1,2,-3,1,-1,1,0,0,0,1,1,0,1,1,-1,-1,1,1,3,0,4,1,-1,2,1,1,1,-1,-1,0,1,2,2,2,0,-4,0,-4,0,2,2,2,-3,1,0,-1,1,0,1,0,0,-2,1,1
-2,-1,1,0,-7,-1,0,0,0,0,0,1,0,-3,-1,1,1,-2,-2,-2,1,1,2,1,1,-1,1,-1,1,-1,0,-2,-1,1,0,1,-1,-1,-1,1,4,1,2,-2,-2,2,-4,2,4,2,2,-2,-2,3,1,0,-1,-3,0,1,-2,0,0,1,1
0,1,-1,0,1,1,2,2,2,2,0,-1,2,-3,-1,-1,-1,-2,-2,-2,1,1,0,1,-1,1,-1,1,1,1,0,-4,1,-1,0,-1,5,-1,3,1,-2,-1,2,2,0,2,-4,-2,4,-2,-2,2,2,-1,-1,-2,-1,-1,0,-1,2,-2,2,1,1
0,1,1,-2,-5,1,0,0,0,0,0,1,-2,-1,1,-1,1,2,2,2,1,1,0,1,-1,1,1,3,1,-3,0,4,1,-1,0,-1,1,-1,3,1,0,-1,2,2,0,2,2,0,4,-2,-2,2,0,3,1,0,-1,-1,-2,1,-2,2,-2,-1,1
-2,-1,1,0,-5,-1,-2,-2,-2,-2,0,-1,0,3,1,-1,-1,0,0,0,1,-1,-2,1,-1,1,-1,3,1,3,0,4,1,1,0,1,1,-1,1,1,0,1,2,2,0,2,-2,-2,-4,0,0,2,2,1,-1,2,1,1,0,-1,2,0,0,1,1
0,-1,-1,-2,-3,1,-2,-2,-2,-2,0,1,0,1,1,1,-1,2,2,2,-1,-1,2,1,1,1,-1,3,1,3,0,2,-1,-1,2,1,1,-1,3,-1,-2,1,2,0,0,-2,2,-2,-4,0,2,-2,2,-3,-1,-2,-1,1,0,-1,-2,2,0,1,1
0,1,1,-2,-7,1,-2,-2,-2,-2,0,-1,-2,-1,-1,-1,-1,0,0,0,-1,-1,-2,-1,-1,-1,1,1,1,-1,-2,-2,1,1,-2,1,3,-1,-3,1,2,-1,4,0,-2,2,2,-2,-4,-4,-2,-2,2,3,1,2,-1,-1,-2,-1,0,-2,0,-1,1
0,-1,1,-2,-5,-1,-2,-2,-2,-2,-2,1,0,-1,1,-1,1,0,0,0,1,1,-2,1,1,-1,1,1,1,3,2,-2,1,-1,0,1,1,-1,-3,1,0,-1,4,2,0,0,4,2,-4,-2,0,2,2,3,1,0,1,1,2,1,-2,2,0,1,1
-2,3,-1,-2,-5,1,0,0,0,0,2,1,2,1,1,-1,1,0,-2,-2,-1,-1,-2,-1,1,-1,1,1,1,-3,0,-2,1,-1,0,-1,3,-1,-1,-1,2,1,2,-2,-2,0,-2,2,4,-2,2,-2,-2,1,1,2,-1,-1,0,1,-2,2,2,1,1
0,-1,-1,0,3,1,2,2,2,2,0,1,0,-1,-1,1,1,0,0,0,1,-1,2,1,-1,1,1,1,1,-3,0,4,-3,1,0,-1,-3,1,3,-1,2,-1,4,2,0,-2,-4,-2,4,0,-2,2,2,-1,1,0,-1,-3,-2,-1,0,0,-2,1,1
2,1,-1,2,-5,1,0,0,0,0,0,-1,2,-1,-1,1,1,-2,-2,-2,3,-1,2,1,-1,-1,1,1,1,-1,-2,-4,-1,-1,0,-1,3,1,-1,1,-4,1,4,2,0,2,-2,2,4,0,-2,2,2,-1,-1,-2,1,3,0,1,2,0,-2,1,1
-2,-1,-1,2,7,1,0,0,0,0,0,1,0,1,1,-1,1,-2,-2,-2,3,1,-2,1,-1,-1,-1,1,1,-3,-2,-2,1,-1,-2,-1,-3,1,-1,1,0,1,2,0,0,0,-4,-2,-4,2,-2,-2,2,-1,1,0,-1,-1,-2,-1,2,2,-2,1,1
-2,1,-1,2,7,1,2,2,2,2,0,1,2,1,1,1,1,0,0,0,3,-1,2,1,-1,1,-1,1,-1,-3,0,4,-1,-1,0,-1,-3,1,3,1,2,1,-4,0,2,0,-4,0,4,4,0,2,-2,1,1,2,-1,-1,0,-1,2,2,-2,1,1
0,1,1,2,-1,1,-2,-2,-2,-2,-2,1,2,1,1,1,-1,0,0,0,1,-1,2,1,1,-1,1,1,1,3,2,2,-3,1,2,1,1,1,-3,1,4,1,4,0,0,0,-2,2,-4,4,2,-2,2,3,1,-2,1,1,2,1,2,2,0,1,1
-2,1,-1,2,1,1,0,0,0,0,2,1,2,1,-1,-1,1,-2,-2,-2,-1,-1,-2,-1,-1,1,-1,3,1,3,-2,-2,1,1,-2,1,1,-1,3,1,0,1,0,-2,-2,2,-2,2,-4,0,0,-2,-2,-1,-1,2,1,1,2,1,0,2,-2,1,1
0,-3,-1,2,-1,-1,-2,-2,-2,-2,0,1,0,-1,1,-1,-1,-2,-2,-2,-3,1,0,-1,1,1,1,-1,1,3,2,-2,1,-1,2,1,-1,1,-1,1,2,1,4,0,0,0,-4,0,-4,2,2,-2,2,-1,1,0,-1,-1,2,-1,0,0,-2,1,1
2,-1,1,2,-5,-1,0,0,0,0,0,1,2,-3,1,-1,-1,0,0,0,-1,-1,0,-1,1,1,-1,3,1,-3,-2,4,1,1,0,-1,5,-1,3,-1,2,1,0,0,0,0,-4,2,4,0,0,2,-2,1,1,2,-1,1,0,1,2,0,2,1,1
-2,1,1,2,-7,1,0,0,0,0,0,1,-2,-3,-1,-1,1,0,0,0,1,1,0,-1,-1,1,-1,3,1,3,-2,-4,1,-1,0,1,1,-1,3,1,-2,1,0,0,0,2,4,-2,4,0,-2,2,-2,-1,1,-2,1,1,0,-1,2,0,2,-1,1
0,-3,-1,0,-7,-1,-2,-2,-2,-2,2,1,0,3,-1,-1,1,0,0,0,3,1,0,1,-1,-1,1,1,1,-1,0,-2,1,-1,2,-1,1,-1,-1,1,-2,1,2,-2,-2,0,2,2,-4,2,0,-2,-2,-3,-1,0,-1,1,0,1,0,2,-2,-1,1
-2,1,1,-2,1,1,0,0,0,0,2,1,0,1,-1,-1,1,2,0,0,1,1,0,-1,-1,-1,1,1,1,-3,2,4,1,-1,2,-1,-3,-1,-1,1,-2,1,4,2,0,0,0,-2,-4,2,0,2,2,1,-1,0,1,-1,-2,-1,0,0,-2,1,1
0,3,1,2,-5,1,0,0,0,0,-2,1,0,1,-1,1,1,2,2,2,-1,-1,2,-1,-1,1,1,3,1,3,-2,2,-3,-1,0,1,-3,1,1,1,0,1,4,0,-2,0,2,-2,4,2,-2,-2,2,3,1,-2,-1,1,0,-1,0,2,0,1,1
-2,-3,-1,2,-5,-1,-2,-2,-2,-2,2,1,2,3,1,1,1,0,0,0,3,-1,2,1,1,1,1,1,1,3,-2,2,-3,1,0,1,-1,-1,1,-1,0,-1,2,0,0,0,-4,2,-4,0,0,2,-2,-3,1,-2,-1,1,2,1,2,2,-2,1,1
-2,-3,1,0,-3,-1,0,0,0,0,0,1,0,-1,-1,-1,1,0,-2,-2,3,1,0,1,1,1,-1,1,-1,3,2,-4,-1,-1,2,1,-5,1,3,1,-2,-1,-4,-2,0,0,-2,0,4,-2,0,-2,-2,1,-1,-2,-1,1,0,1,2,2,-2,1,1
0,1,-1,0,3,1,2,2,2,2,0,1,0,-3,-1,1,1,0,-2,-2,3,1,0,1,-1,1,-1,1,-1,3,2,-4,1,1,0,1,-1,-1,3,-1,2,1,-4,0,2,-2,-2,0,4,2,0,2,-2,-1,-1,-2,-1,1,2,-1,0,0,0,1,1
-2,-3,-1,0,-5,-1,0,0,0,0,0,1,2,3,-1,-1,-1,2,2,2,-1,-1,0,-1,1,1,1,3,1,1,0,2,-1,1,0,-1,1,-1,1,-1,-2,1,4,-2,0,0,2,0,4,2,0,-2,0,-3,-1,-2,-1,1,0,1,2,2,-2,1,1
-2,-1,-1,2,5,-1,0,0,0,0,0,1,2,-3,-1,-1,1,2,2,2,1,1,0,-1,-1,1,-1,-1,-1,-1,2,2,1,1,2,-1,1,1,1,1,0,1,-4,0,2,2,4,-2,-4,2,-2,2,-2,1,-1,-2,1,1,-2,-1,2,0,-2,1,1
-2,1,-1,2,-7,1,-2,-2,-2,-2,0,1,2,-1,-1,1,-1,-2,-2,-2,-1,1,0,1,-1,1,-1,-3,-1,-1,-2,-2,1,-1,-2,-1,1,-1,-1,1,-2,1,-4,-2,0,0,-4,-2,-4,0,0,0,-2,-3,-1,0,-1,-3,0,-1,0,0,2,1,1
-2,-1,-1,0,-3,1,0,0,0,0,0,1,2,1,-1,1,1,0,0,0,3,-1,2,1,-1,1,-1,3,1,3,2,4,-1,-1,2,1,-3,1,3,1,0,1,2,-2,0,0,-2,0,4,4,0,-2,0,-1,-1,2,1,1,0,1,0,2,-2,1,1
0,1,-1,0,-3,1,0,0,0,0,2,1,0,1,-1,1,1,0,0,0,1,1,2,1,1,1,-1,3,1,3,0,-2,-1,-1,0,1,-1,1,3,1,-4,-1,2,0,2,2,4,-2,4,0,0,2,0,-1,-1,0,1,1,0,-1,-2,2,-2,1,1
0,1,1,0,-5,1,0,0,0,0,0,1,2,-1,1,1,1,2,2,2,3,1,2,1,-1,1,1,-1,1,-3,0,2,1,1,0,-1,3,-1,1,1,0,1,4,0,-2,2,4,-2,4,0,0,-2,2,1,-1,-2,1,-3,-2,-1,2,2,-2,1,1
0,1,1,-2,-5,1,-2,-2,-2,-2,0,1,0,-1,-1,1,-1,2,2,2,-3,1,2,-1,-1,-1,1,3,1,-3,0,4,1,-1,0,-1,-3,1,1,-1,2,1,4,0,0,-2,4,-2,-4,2,0,2,0,3,1,2,1,1,-2,-1,-2,0,-2,-1,1
-2,3,1,0,-5,1,-2,-2,-2,-2,-2,1,0,-1,-1,-1,-1,0,0,0,-3,1,0,-1,-1,-1,1,1,1,-3,2,-4,1,1,2,-1,-3,-1,-3,1,4,1,2,-2,0,0,4,-2,-4,0,0,-2,-2,3,1,-2,1,-1,-2,-1,0,2,0,1,1
0,3,1,-2,5,1,2,2,2,2,0,1,0,3,-1,-1,1,0,0,0,1,1,0,1,1,1,1,3,1,-1,2,2,-1,1,2,1,-1,1,1,1,-2,1,2,2,2,2,-2,2,4,2,0,2,0,1,-1,-2,1,-1,0,1,-2,2,0,1,1
0,1,-1,0,1,1,0,0,0,0,0,1,0,-1,-1,1,-1,-2,-2,-2,1,1,2,1,1,1,-1,3,1,1,2,-4,1,1,2,-1,-1,-1,3,1,2,1,2,2,0,0,-4,2,-4,2,2,2,2,-3,1,-2,-1,1,2,1,2,0,0,1,1
0,-1,1,0,-7,1,-2,-2,-2,-2,0,1,0,-1,-1,1,-1,0,-2,-2,1,1,0,1,-1,-1,-1,3,1,-1,0,-2,1,-1,-2,-1,-1,-1,1,-1,-2,-1,0,-2,-2,0,-2,-2,-4,-2,-2,-2,-2,-1,1,2,-1,3,-2,-1,2,2,0,1,1
0,-1,1,-2,-7,-1,-2,-2,-2,-2,0,1,2,1,-1,-1,1,-2,-2,-2,1,1,0,-1,-1,1,-1,-1,-1,1,-2,-4,1,1,0,-1,1,-1,1,1,2,1,-4,-2,-2,2,-2,-2,-4,-2,-2,-2,-2,3,1,-2,1,1,0,-1,0,2,-2,1,1
0,-1,-1,0,5,-1,2,2,2,2,0,1,0,-1,1,-1,-1,2,2,2,-3,1,0,-1,-1,1,1,3,1,-3,0,4,1,-1,0,-1,-3,-1,3,-1,-2,1,4,0,0,0,4,0,4,2,-2,-2,2,1,-1,2,1,1,-2,1,-2,2,-2,1,1
0,1,1,2,-7,1,0,0,0,0,0,1,2,1,-1,1,-1,2,2,2,1,-1,2,1,1,1,-1,3,1,3,2,4,1,-1,2,1,3,-1,1,-1,-4,-1,2,2,0,0,2,-2,4,0,0,2,2,1,-1,2,-1,1,0,-1,2,2,-2,1,1
2,-1,1,2,-1,1,-2,-2,-2,-2,-2,-1,0,-1,1,1,-1,-2,-2,-2,-1,-1,2,-1,-1,-1,-1,1,1,3,0,-2,1,-1,0,1,3,1,-3,-1,-4,1,2,2,2,0,-4,-2,-4,2,-2,2,2,-1,-1,2,-1,3,0,-1,2,0,0,1,1
0,1,-1,2,5,1,2,2,2,2,2,1,0,3,1,-1,-1,-2,-2,-2,-1,-1,0,1,-1,1,1,3,1,3,2,-2,-1,1,2,1,-3,1,3,-1,0,1,2,0,0,-2,-4,2,4,4,0,2,-2,-1,-1,2,-1,1,2,1,0,2,-2,1,1
2,-3,1,0,5,-1,0,0,0,0,2,1,0,3,-1,-1,1,-2,-2,-2,1,-1,0,-1,-1,-1,1,1,1,-1,2,-2,1,1,2,1,1,1,-1,1,0,-1,4,0,0,2,-4,2,-4,2,-2,-2,2,-1,1,2,-1,1,0,1,0,2,-2,1,1
0,-1,-1,-2,-7,1,0,0,0,0,0,1,0,-1,-1,1,-1,-2,-2,-2,-1,1,0,-1,-1,-1,1,-1,1,3,0,-4,1,-1,0,1,-1,-1,-1,1,0,-1,2,0,0,0,-2,-2,4,-2,0,2,-2,-1,-1,-2,1,-1,0,-1,0,0,-2,1,1
-2,1,1,0,-3,1,-2,-2,-2,-2,0,-1,0,-3,-1,1,-1,0,0,0,-1,-1,2,1,1,-1,1,-1,1,3,0,2,-1,-1,0,1,-1,1,-1,-1,2,1,4,0,0,0,-4,0,-4,0,2,-2,2,3,1,-2,-1,-1,2,-1,0,-2,-2,1,1
0,3,-1,0,-5,1,-2,-2,-2,-2,0,1,0,-3,1,-1,-1,2,2,2,-1,1,-2,1,-1,-1,-1,-3,-1,1,2,4,1,1,0,-1,1,-1,-1,-1,2,1,-4,0,-2,0,2,0,-4,0,0,-2,0,1,-1,0,-1,-1,0,1,0,0,0,1,1
0,-3,1,2,1,-1,2,2,2,2,0,1,0,-3,-1,1,-1,2,0,0,-3,1,2,-1,-1,-1,1,1,1,-3,2,2,-1,1,2,-1,-3,-1,-1,-1,0,1,2,-2,-2,-2,0,2,4,2,-2,-2,-2,-1,1,-2,1,1,0,1,0,0,0,1,1
-2,1,-1,0,5,1,0,0,0,0,0,1,2,-3,-1,1,-1,0,-2,-2,1,-1,0,1,-1,-1,-1,-1,-1,3,0,-4,-1,1,-2,1,3,1,-1,-1,2,1,-4,-2,0,0,0,-2,-4,0,0,-2,-2,-3,1,-2,1,1,0,-1,2,0,2,1,1
-2,-1,1,2,-7,-1,-2,-2,-2,-2,0,1,0,-3,-1,-1,1,0,0,0,3,-1,-2,1,1,1,-1,3,1,-1,2,-4,-3,1,0,1,-3,-1,3,-1,4,1,2,0,-2,0,2,2,-4,2,2,-2,2,3,1,-2,-1,-1,0,1,2,0,-2,1,1
0,-3,-1,-2,-5,-1,-2,-2,-2,-2,0,-1,0,-1,1,1,1,0,0,0,1,-1,2,-1,1,-1,1,1,1,-1,-2,4,-1,1,0,1,-3,-1,-3,1,2,1,2,2,0,0,-4,-2,-4,-2,2,2,0,-3,1,2,-1,-1,-2,-1,0,-2,-2,1,1
-2,1,-1,0,5,1,2,2,2,2,2,-1,2,1,1,1,-1,2,2,2,-1,-1,0,1,1,1,-1,1,1,1,0,2,-1,1,0,-1,3,-1,1,1,2,1,0,-2,0,2,4,0,4,0,2,-2,-2,-3,1,-2,1,1,2,-1,-2,0,2,1,1
2,-3,-1,0,-5,-1,-2,-2,-2,-2,-2,1,2,-1,-1,1,-1,2,0,0,-1,1,2,1,-1,1,-1,-1,-1,-1,2,2,1,1,2,-1,5,1,-1,1,0,-1,-4,-2,-2,2,0,2,-4,-2,-2,-2,-2,-3,1,-2,1,3,0,1,0,2,0,1,1
0,-1,-1,0,-3,1,-2,-2,-2,-2,2,1,0,1,-1,1,1,0,0,0,-1,1,2,-1,-1,-1,-1,1,1,1,0,4,1,-1,0,-1,-3,1,-1,1,-2,1,2,0,0,0,-2,2,-4,2,-2,-2,2,-3,1,2,1,1,2,1,-2,2,-2,1,1
0,1,-1,-2,-5,1,-2,-2,-2,-2,0,1,0,-1,1,1,-1,0,-2,-2,1,1,2,1,-1,1,-1,-1,-1,-3,0,-4,1,1,0,-1,3,-1,3,-1,2,1,-2,2,0,0,0,-2,-4,0,0,2,2,-1,-1,-2,1,-3,-2,-1,0,2,2,1,1
-2,3,-1,0,-5,1,0,0,0,0,2,1,2,1,1,1,-1,-2,-2,-2,-3,1,2,-1,-1,-1,-1,1,1,3,0,-2,3,1,0,1,3,-1,-1,1,0,-1,2,2,0,2,-2,-2,4,-2,0,2,2,-1,-1,2,1,1,0,-1,0,2,2,1,1
0,-3,-1,0,-7,-1,-2,-2,-2,-2,0,1,0,-1,-1,1,1,0,-2,-2,1,-1,0,-1,-1,-1,-1,-1,-1,-3,2,-2,-1,-1,0,-1,-5,-1,-3,1,-4,-1,-2,0,-2,0,-2,-2,-4,-2,-2,-2,2,-3,-1,2,-1,1,-2,-1,2,0,-2,1,1
2,-1,-1,0,3,-1,2,2,2,2,0,1,2,-1,-1,-1,-1,-2,-2,-2,-1,1,0,-1,1,-1,-1,-1,-1,1,0,-2,3,-1,0,-1,5,1,-1,1,0,1,-4,-2,-2,2,-2,2,4,2,2,-2,-2,-3,1,2,1,3,2,1,2,0,2,1,1
-2,1,-1,-2,-7,1,-2,-2,-2,-2,0,1,0,-1,-1,-1,1,-2,-2,-2,1,-1,-2,1,1,-1,-1,1,-1,1,0,-4,-1,1,0,-1,-3,-1,1,-1,2,1,0,2,0,-2,-4,2,-4,0,2,2,2,-3,1,-2,-1,-1,2,1,-2,0,0,1,1
0,1,-1,-2,3,-1,0,0,0,0,-2,1,0,-3,1,-1,-1,2,2,2,-1,1,0,1,-1,1,1,3,1,-3,0,4,-1,-1,0,-1,-1,-1,1,1,0,-1,4,0,0,2,4,2,-4,-2,-2,2,0,1,1,0,1,-1,0,1,-2,0,0,1,1
0,1,1,-2,-3,1,-2,-2,-2,-2,0,1,0,-1,1,-1,-1,2,2,2,-1,-1,0,1,-1,1,1,-1,1,-3,0,4,-1,-1,0,-1,-3,-1,1,1,2,1,4,2,2,0,2,-2,-4,2,0,2,2,3,1,2,-1,-3,-2,-1,-2,0,-2,1,1
0,-3,-1,2,-7,-1,0,-2,-2,-2,0,1,0,1,-1,-1,-1,0,0,0,1,1,0,1,-1,1,1,3,1,3,2,2,-1,-1,2,1,-3,-1,1,1,-2,1,4,-2,-2,0,-4,-2,-2,2,-2,-2,0,-3,1,-2,-1,1,0,-1,2,2,-2,1,0
0,3,-1,0,-3,1,-2,-2,-2,-2,2,1,0,1,-1,1,-1,0,0,0,1,1,2,1,-1,-1,1,3,1,-3,2,2,1,-1,2,-1,-1,1,1,1,0,-1,2,-2,0,0,-4,2,-4,0,0,-2,-2,1,-1,-2,-1,-1,0,1,2,0,0,1,0
0,1,1,0,3,1,2,2,2,2,2,1,2,1,-1,-1,-1,0,0,0,1,-1,0,1,-1,1,1,1,1,3,2,4,1,1,2,1,1,1,3,-1,0,1,2,2,0,0,-4,-2,4,0,0,2,0,1,-1,2,-1,1,0,-1,2,2,-2,1,0
0,-3,-1,0,-5,-1,-2,-2,-2,-2,0,1,0,1,1,1,1,-2,-2,-2,3,1,2,1,1,1,1,-3,1,3,-2,-2,-1,1,0,1,1,-1,1,1,2,1,2,0,-2,2,-4,-2,-4,2,2,-2,2,-3,1,0,-1,-1,0,-1,0,2,0,1,1
0,3,1,2,1,1,2,2,2,2,2,1,2,3,-1,1,-1,2,2,2,1,-1,0,1,-1,1,-1,3,1,3,0,4,-1,1,-2,1,-1,-1,3,1,4,-1,0,-2,-2,0,4,2,4,2,0,-2,-2,3,1,2,1,1,2,1,2,2,0,1,0
0,-1,-1,0,5,1,0,0,0,0,0,1,2,-1,-1,-1,-1,-2,-2,-2,-1,1,0,-1,1,-1,1,3,1,-1,-2,-2,1,1,0,1,3,1,1,1,4,1,2,-2,0,2,-2,2,-4,-2,2,-2,-2,-1,1,0,1,-1,0,1,2,2,-2,1,0
0,-1,-1,2,5,1,2,2,2,2,0,1,2,-1,-1,1,1,2,2,2,3,-1,0,1,-1,1,-1,1,-1,3,2,2,-3,1,0,1,-1,1,3,1,0,1,-2,2,2,0,2,2,4,2,-2,2,2,-1,-1,-2,-1,1,2,1,2,2,-2,1,0
0,-1,1,2,-5,-1,0,0,0,0,2,1,0,1,1,-1,1,-2,-2,-2,3,1,0,1,1,1,-1,1,-1,-3,2,-4,1,1,2,-1,-1,-1,3,1,0,1,-4,2,0,0,-2,2,4,2,0,2,0,3,-1,-2,1,-1,0,1,2,2,-2,1,0
2,-1,1,2,-5,1,-2,-2,-2,-2,0,1,2,1,1,1,1,2,0,0,3,1,2,1,-1,1,-1,3,1,1,0,2,1,-1,0,-1,3,-1,3,1,0,1,2,0,-2,2,0,2,-4,4,-2,-2,2,1,1,-2,1,3,2,1,2,2,-2,1,0
0,1,1,0,-3,-1,0,0,0,0,2,1,0,3,1,-1,1,2,2,2,1,1,-2,-1,-1,-1,1,1,1,-1,2,2,-1,1,0,1,-5,1,-1,1,2,1,4,0,-2,0,4,2,4,2,-2,-2,2,3,1,-2,1,1,0,1,2,2,0,1,0
-2,-1,1,2,7,1,2,2,2,2,0,1,2,1,1,-1,1,2,2,2,1,1,0,1,-1,1,-1,3,1,1,2,4,3,-1,2,-1,1,1,3,1,0,-1,2,0,0,2,4,2,4,2,-2,-2,2,1,1,2,1,1,2,1,0,2,-2,1,0
-2,3,1,0,5,1,0,0,0,0,2,1,0,3,1,1,1,0,0,0,3,1,2,1,-1,1,-1,3,1,3,-2,4,1,1,0,1,-5,-1,3,1,4,1,0,0,2,0,-2,-2,-4,0,0,2,-2,3,1,2,1,1,0,-1,2,2,0,1,0
0,1,1,2,-5,1,0,0,0,0,0,1,0,-1,1,1,1,2,2,2,3,1,2,1,-1,-1,1,-1,1,-3,2,2,-1,-1,2,-1,-1,-1,-3,1,0,1,4,0,-2,0,4,0,4,2,-2,-2,2,3,1,-2,1,-3,-2,1,2,0,-2,-1,0
2,-1,-1,2,-5,1,0,0,0,0,0,1,0,1,1,-1,1,-2,-2,-2,1,1,0,1,-1,-1,1,1,1,3,0,-4,1,1,0,1,1,-1,-1,1,4,-1,4,0,-2,0,-4,-2,4,2,0,-2,2,-1,1,-2,-1,3,0,-1,0,2,-2,-1,0
-2,-1,-1,2,5,1,0,0,0,0,2,1,0,3,-1,-1,1,2,0,0,3,1,-2,1,-1,1,-1,-1,-1,-1,2,2,-1,1,0,1,-3,1,3,1,0,1,-2,0,2,0,-2,2,-4,4,-2,2,0,-1,-1,-2,-1,-3,0,1,2,2,0,1,0
-2,1,-1,2,7,1,2,2,2,2,2,1,0,3,1,-1,-1,2,2,2,1,1,-2,1,-1,1,-1,3,1,3,2,2,-1,1,0,1,-3,1,3,-1,0,1,0,-2,0,0,4,-2,4,4,-2,-2,-2,-3,1,-2,1,1,0,-1,2,2,0,1,0
-2,-1,1,0,7,-1,0,0,0,0,2,-1,2,-1,1,-1,1,0,0,0,1,1,0,1,1,1,1,3,1,1,0,2,1,-1,0,-1,1,1,3,1,2,1,4,0,0,2,-2,0,-4,0,2,-2,2,3,1,-2,1,1,0,1,0,-2,-2,1,0
-2,1,-1,2,-7,-1,-2,-2,-2,-2,0,1,0,-1,-1,-1,1,0,-2,-2,3,-1,0,1,-1,-1,-1,-3,-1,-1,2,-2,-1,1,2,1,-3,-1,-1,1,0,1,-2,0,0,0,-2,2,-4,4,-2,2,0,-1,1,2,-1,-3,0,1,2,0,2,1,0
0,1,-1,2,7,1,2,2,2,2,2,1,2,3,1,1,1,2,2,2,3,-1,2,1,-1,1,-1,3,1,3,0,2,-3,-1,0,1,-1,1,3,1,-2,1,2,0,0,0,4,2,4,4,-2,-2,2,-3,1,-2,1,1,2,1,2,2,0,1,0
0,3,-1,2,-5,1,0,0,0,0,2,1,0,1,1,1,1,2,2,2,1,1,2,-1,-1,1,-1,1,1,1,2,4,1,1,2,-1,1,-1,1,1,2,1,2,0,-2,2,4,0,4,2,0,-2,2,1,-1,0,1,1,0,1,2,2,0,1,0
0,-1,1,0,-5,-1,-2,-2,-2,-2,0,1,0,1,1,1,1,2,2,2,1,-1,2,1,-1,-1,-1,-1,-1,-3,0,4,-1,1,2,-1,-3,-1,-3,-1,2,1,-2,0,0,0,4,2,-4,0,0,2,0,1,1,2,1,1,0,1,0,0,-2,1,0
0,-1,1,2,5,-1,2,2,2,2,0,1,-2,-1,-1,-1,1,0,-2,-2,-1,-1,0,-1,-1,1,1,1,1,-3,2,-2,1,1,2,-1,3,1,3,1,2,1,2,-2,0,2,0,0,4,2,-2,-2,-2,3,1,2,1,-3,-2,1,0,2,0,-1,0
-2,-1,1,0,-7,-1,0,0,0,0,-2,1,2,1,-1,1,1,2,2,2,3,-1,2,1,1,1,-1,3,1,-3,0,2,-1,-1,0,-1,3,-1,1,1,2,-1,2,-2,-2,2,4,2,4,2,2,-2,0,3,1,-2,1,-1,0,1,0,2,0,1,1
-2,-3,1,0,-5,-1,0,0,0,0,0,1,0,1,1,-1,1,0,-2,-2,3,1,0,1,-1,1,-1,-1,-1,-3,2,-4,-1,1,2,-1,-3,-1,3,-1,0,1,-2,-2,-2,0,-2,-2,4,4,-2,-2,0,-1,1,-2,-1,-3,-2,-1,0,2,-2,1,0
0,-1,-1,2,5,1,0,0,0,0,0,1,2,1,-1,1,1,2,2,2,1,-1,2,1,1,-1,1,1,1,-3,-2,4,-1,-1,0,-1,-3,1,-3,1,0,1,4,0,0,0,4,2,-4,2,2,-2,2,-3,1,2,1,1,0,1,0,0,-2,1,0
0,-1,-1,2,-5,1,-2,-2,-2,-2,2,1,0,3,1,-1,1,2,2,2,-1,-1,0,-1,-1,-1,1,1,1,3,0,2,-3,-1,0,1,-1,-1,-1,-1,-2,1,2,0,0,0,2,2,-4,4,-2,2,-2,-3,1,-2,-1,1,2,1,0,2,-2,1,1
0,-1,-1,2,-5,1,0,0,0,0,2,1,0,1,-1,-1,1,0,0,0,3,1,0,1,-1,-1,1,1,1,-3,0,4,1,-1,2,-1,-3,1,-1,1,-2,1,4,0,-2,0,-4,-2,4,0,-2,-2,2,-1,-1,2,-1,1,-2,-1,2,2,0,1,0
-2,-1,1,-2,5,1,2,2,2,2,2,1,-2,1,-1,1,1,-2,-2,-2,-1,1,2,-1,-1,-1,1,1,1,-1,-2,-4,-1,-1,0,1,-3,1,-1,1,0,-1,4,2,2,2,-2,2,4,-4,-2,2,2,1,1,-2,1,-1,0,1,-2,2,-2,-1,1
0,3,1,2,-1,1,-2,-2,-2,-2,0,-1,0,1,1,1,1,-2,-2,-2,1,1,2,1,1,-1,1,1,1,1,2,-2,3,1,2,1,-1,1,-3,1,2,1,4,2,2,0,-2,2,-4,2,0,2,2,3,1,2,1,1,0,1,0,0,0,1,0
0,-3,-1,2,-5,-1,0,0,0,0,0,1,0,-3,1,1,1,0,0,0,1,-1,0,1,-1,-1,-1,1,1,3,0,4,-1,-1,-2,1,-1,-1,-1,1,-2,1,0,0,0,0,-4,2,4,2,-2,2,-2,-3,1,2,-1,1,2,1,0,0,-2,-1,0
0,1,-1,0,3,1,2,2,2,2,0,1,2,-3,1,1,1,0,0,0,3,1,0,1,-1,-1,-1,3,1,3,2,4,3,1,0,1,5,-1,1,1,-2,1,2,0,-2,2,-4,0,4,2,-2,-2,2,-3,-1,2,-1,1,0,1,0,0,2,1,0
0,1,-1,2,7,1,2,2,2,2,0,1,2,3,1,-1,1,2,2,2,1,-1,0,1,-1,1,-1,3,1,-3,0,2,-1,1,0,-1,1,1,1,-1,2,1,2,0,0,0,4,0,4,4,-2,-2,2,1,1,-2,1,1,-2,1,0,2,-2,1,0
-2,-1,1,0,-5,1,0,0,0,0,0,1,0,-1,1,1,1,0,0,0,1,-1,2,1,1,-1,-1,1,1,3,2,4,-1,-1,2,1,-3,-1,-1,-1,0,-1,2,2,0,0,-2,-2,4,2,2,2,2,-1,1,2,1,1,0,-1,-2,0,-2,1,0
-2,-3,-1,-2,-5,-1,-2,-2,-2,-2,0,1,2,-1,-1,-1,1,0,0,0,-1,-1,0,-1,-1,1,1,3,1,-3,-2,4,1,1,0,-1,1,1,1,1,2,1,4,-2,-2,2,-4,-2,-4,-2,0,-2,0,-3,1,2,-1,-1,-2,-1,-2,0,-2,1,1
0,1,1,0,-7,1,-2,-2,-2,-2,2,1,0,-1,-1,-1,1,2,2,2,3,-1,0,1,1,1,1,-1,1,-3,2,2,-3,-1,2,-1,-3,-1,1,1,0,1,4,2,0,0,4,2,-4,0,2,2,2,3,-1,-2,1,-3,0,1,2,0,-2,1,0
0,1,-1,2,-5,1,0,0,0,0,0,1,2,-1,1,1,1,-2,-2,-2,1,1,0,1,-1,1,-1,1,1,-1,-2,-4,1,1,-2,1,1,-1,1,1,4,1,0,-2,-2,2,-2,-2,4,0,0,-2,-2,1,1,-2,1,-1,-2,-1,0,0,-2,1,1
2,-3,-1,0,3,-1,2,2,2,2,0,1,0,-1,-1,1,1,2,2,2,1,1,2,-1,-1,1,1,3,1,3,2,4,1,1,2,1,-1,-1,3,1,0,1,4,2,2,0,4,-2,4,0,0,2,2,-3,-1,0,1,3,0,-1,2,2,-2,1,0
0,-1,-1,0,1,1,0,0,0,0,2,1,0,1,-1,-1,1,2,2,2,1,1,0,1,-1,-1,1,-1,1,-1,0,2,-1,-1,0,1,-3,-1,-1,1,0,-1,4,0,-2,0,2,2,-4,-2,0,-2,2,-1,-1,-2,-1,-3,0,1,0,2,-2,1,0
0,-1,1,-2,3,-1,2,2,2,2,0,1,0,-1,-1,1,1,0,0,0,1,-1,2,1,-1,1,-1,-1,-1,-3,2,4,-1,1,2,-1,-5,1,-1,1,2,-1,-2,-2,-2,0,-4,-2,4,-2,-2,-2,0,3,1,2,-1,1,-2,-1,-2,0,-2,1,1
0,3,1,2,-7,1,0,0,0,0,0,1,0,-3,-1,-1,1,0,0,0,3,-1,0,1,-1,-1,1,1,1,-1,2,2,-3,1,2,1,-1,-1,-1,-1,2,1,4,2,0,0,-4,2,4,2,0,2,2,3,-1,-2,-1,-1,0,1,2,0,0,1,0
2,-1,-1,0,5,-1,2,2,2,2,0,1,0,1,-1,-1,-1,0,-2,-2,1,-1,0,1,1,1,-1,1,1,-3,2,-4,-3,1,2,-1,-3,1,1,-1,4,-1,2,2,2,-2,0,-2,4,-2,2,2,2,1,1,-2,1,-1,-2,-1,2,2,-2,1,0
0,-1,1,2,-7,-1,-2,-2,-2,-2,0,1,2,-1,-1,1,1,2,0,0,-1,1,2,-1,-1,1,-1,-3,-1,-3,-2,4,1,-1,0,-1,3,-1,-1,1,0,-1,-2,0,-2,2,-2,2,-4,-2,-2,-2,2,3,1,0,-1,-3,0,1,0,0,-2,1,1
-2,3,1,-2,3,1,0,0,0,0,2,1,-2,1,-1,1,1,0,0,0,1,-1,2,-1,-1,-1,-1,-1,-1,-3,2,4,1,1,2,-1,1,1,-1,-1,0,-1,-4,0,0,0,-4,2,-4,-2,-2,2,-2,3,-1,2,-1,-1,0,1,0,2,2,-1,1
2,1,-1,0,-3,1,-2,-2,-2,-2,0,1,-2,-1,-1,-1,1,0,0,0,1,1,0,1,-1,-1,1,1,1,-1,2,2,1,-1,2,1,3,1,-1,1,0,-1,4,0,0,2,-4,2,-4,-2,-2,-2,2,-1,1,-2,-1,1,0,1,0,2,2,-1,1
-2,3,1,0,-5,1,0,0,-2,-2,0,1,0,1,-1,-1,1,0,0,0,3,-1,0,1,-1,-1,-1,-3,-1,-3,0,2,-1,1,0,-1,1,1,-3,-1,2,1,-2,2,0,0,-4,-2,0,0,0,2,2,3,-1,-2,-1,-3,-2,-1,2,2,2,1,0
-2,-1,1,2,-5,-1,-2,-2,-2,-2,0,1,2,-1,1,-1,1,0,0,0,1,-1,-2,-1,-1,1,-1,1,-1,3,0,2,-1,1,0,1,3,-1,3,1,2,-1,-2,2,0,2,-4,-2,-4,-2,0,2,2,1,-1,-2,-1,1,0,-1,2,2,2,1,0
0,3,-1,0,-1,1,-2,-2,-2,-2,0,1,0,1,1,1,-1,0,-2,-2,1,1,2,1,1,1,-1,1,-1,3,0,-2,3,1,0,1,1,1,1,1,0,-1,-4,0,2,2,-2,-2,-4,0,0,2,-2,-1,1,2,-1,3,0,-1,2,0,2,1,0
0,-1,1,2,-5,-1,0,0,0,0,0,1,2,-1,-1,1,1,2,2,2,1,1,0,-1,-1,1,1,3,1,3,2,2,1,-1,0,1,5,1,3,1,0,1,4,0,-2,2,4,-2,4,4,0,-2,2,1,1,-2,1,1,0,-1,2,0,0,1,0
-2,-1,-1,2,-3,1,-2,-2,-2,-2,-2,1,0,-1,1,1,1,0,0,0,1,1,2,1,1,1,1,3,1,1,-2,2,1,-1,0,-1,-3,1,1,1,-2,1,4,0,-2,0,-2,0,-4,0,2,-2,2,-3,-1,-2,1,1,2,-1,0,2,-2,1,0
-2,1,-1,2,5,1,0,0,0,0,0,1,0,-1,-1,1,1,0,0,0,1,-1,2,-1,1,1,-1,3,1,3,2,2,-1,1,2,1,1,1,3,1,2,1,0,0,2,2,-4,-2,-4,4,2,2,-2,-3,1,-2,-1,1,0,-1,2,0,2,1,0
0,-1,1,0,-1,-1,-2,-2,-2,-2,0,1,0,-1,1,-1,1,0,0,0,1,-1,-2,1,1,-1,-1,1,-1,3,2,4,-1,1,0,1,-3,1,1,-1,2,-1,-4,-2,0,0,-4,0,-4,0,2,-2,-2,3,-1,2,-1,3,0,1,-2,2,-2,1,1
2,1,1,0,-1,-1,-2,-2,-2,-2,0,1,2,1,1,-1,-1,2,2,2,1,-1,0,1,-1,-1,-1,1,-1,3,2,2,-1,1,2,1,5,1,-1,1,2,1,-4,0,2,2,4,-2,-4,2,-2,2,-2,3,1,-2,1,3,0,-1,2,0,2,1,0
2,3,1,2,-5,1,0,0,0,0,2,1,2,3,1,1,-1,0,0,0,-1,-1,2,1,-1,1,1,3,1,-3,2,4,1,-1,2,-1,5,-1,3,1,2,1,4,2,0,2,-4,-2,4,4,0,2,2,3,1,2,-1,1,-2,-1,0,2,2,1,0
-2,-1,-1,0,-7,1,0,0,0,0,2,1,2,3,-1,1,-1,-2,-2,-2,-1,1,0,-1,1,-1,-1,-1,-1,-1,2,-4,1,-1,0,-1,-1,-1,-1,1,-4,1,-2,-2,-2,0,-4,-2,4,2,0,-2,0,-3,-1,-2,-1,1,-2,-1,2,2,-2,1,1
0,-1,1,0,-7,1,-2,-2,-2,-2,2,1,0,1,-1,-1,1,-2,-2,-2,1,1,-2,1,-1,1,1,1,1,3,2,-4,1,1,0,1,3,-1,3,1,2,1,4,-2,0,2,-4,0,-4,2,0,0,0,1,-1,-2,-1,-1,2,-1,0,0,0,1,1
-2,1,-1,-2,-1,1,-2,-2,-2,-2,0,-1,0,-3,1,-1,1,-2,-2,-2,3,1,0,1,-1,1,-1,1,1,-1,2,-4,-1,-1,2,1,-1,1,3,1,0,-1,2,0,0,2,-2,-2,-4,-2,-2,-2,2,1,1,-2,1,-3,-2,-1,0,-2,0,1,1
2,1,-1,0,-3,1,-2,-2,-2,-2,0,1,2,-1,-1,-1,1,0,0,0,-1,-1,0,-1,-1,1,-1,3,1,1,2,4,1,-1,2,-1,3,1,3,1,0,1,2,2,2,2,-4,0,-4,2,-2,2,2,1,1,2,-1,3,2,-1,-2,2,-2,1,0
0,1,1,0,7,1,0,0,0,0,0,1,0,1,1,1,1,2,0,0,1,1,2,-1,1,-1,1,1,1,-1,-2,4,1,-1,0,-1,-1,1,-1,1,-2,1,4,0,0,0,0,2,-4,0,2,-2,2,-1,-1,0,1,1,0,1,2,2,0,1,0
0,-3,-1,2,5,-1,2,2,2,2,0,1,0,-1,-1,-1,-1,0,0,0,-3,1,0,-1,-1,-1,1,1,1,-3,0,-4,1,-1,0,-1,-3,1,-1,1,0,1,2,-2,0,0,4,-2,4,4,0,-2,-2,-1,-1,-2,1,1,-2,-1,0,0,-2,1,1
0,-1,-1,2,5,1,2,2,2,2,2,1,0,3,1,-1,-1,-2,-2,-2,1,1,0,1,-1,-1,1,-1,1,-3,0,-2,1,1,0,-1,-1,1,-1,1,4,-1,4,0,-2,2,-2,2,4,2,0,-2,2,-1,1,0,1,-1,0,1,2,2,-2,1,0
-2,-1,-1,2,-5,1,-2,-2,-2,-2,0,-1,2,-1,-1,-1,-1,-2,-2,-2,1,-1,0,1,-1,1,1,1,-1,3,0,-4,-1,1,0,1,1,1,3,1,0,1,0,2,0,2,-2,2,-4,2,-2,2,2,-3,1,-2,1,1,2,1,2,0,-2,1,0
2,1,-1,0,1,1,0,0,0,0,0,1,2,1,-1,1,1,2,2,2,1,1,0,-1,-1,-1,1,1,1,-1,0,2,1,1,0,1,5,-1,-1,1,2,1,4,2,0,2,4,-2,-4,2,0,2,2,-3,1,-2,1,1,-2,-1,0,2,2,1,0
0,-3,-1,2,-5,-1,-2,-2,-2,-2,0,1,0,-1,1,1,1,2,2,2,3,-1,0,1,-1,1,-1,3,1,3,2,2,-3,1,0,1,-1,-1,1,1,2,1,0,0,0,0,4,2,-4,2,0,2,-2,-1,-1,-2,1,1,2,1,2,0,-2,-1,0
0,-1,1,0,-5,1,-2,-2,-2,-2,0,1,0,1,1,-1,1,-2,-2,-2,3,-1,-2,1,1,-1,1,-1,1,-1,2,-4,-1,-1,0,1,1,-1,-1,1,-2,1,2,0,0,2,-2,2,-4,2,2,2,-2,-1,-1,-2,1,-3,0,1,2,2,-2,1,0
0,1,-1,-2,-5,1,0,0,0,0,0,1,0,1,-1,-1,-1,-2,-2,-2,-1,-1,-2,1,1,1,1,3,1,1,2,-4,-3,1,0,-1,-5,1,3,1,0,-1,4,-2,-2,0,-4,0,4,0,2,-2,0,-3,-1,-2,-1,3,0,1,-2,2,0,1,1
0,-3,-1,0,-5,-1,0,0,0,0,2,1,0,3,-1,-1,1,0,0,0,1,-1,0,1,1,-1,1,3,1,1,2,-2,-1,1,2,-1,-3,1,1,1,2,1,2,-2,-2,2,4,2,4,2,2,-2,-2,-3,1,2,1,3,2,1,0,2,-2,1,0
-2,1,1,-2,-5,1,-2,-2,-2,-2,0,1,2,1,1,-1,-1,0,0,0,-1,-1,0,1,-1,1,-1,3,1,1,0,2,-1,-1,0,-1,1,-1,3,1,0,-1,2,0,-2,2,-4,-2,-4,0,-2,-2,2,3,1,-2,-1,1,0,-1,-2,2,-2,1,1
0,-3,1,2,-5,-1,-2,-2,0,0,0,1,0,-1,1,-1,1,0,0,0,3,-1,0,1,1,1,-1,3,1,-3,0,2,-1,-1,2,-1,5,-1,3,-1,-2,-1,2,0,-2,0,-4,0,0,-2,0,-2,2,-1,1,-2,-1,-1,-2,1,2,2,0,-1,1
-2,-1,-1,-2,-5,1,-2,-2,-2,-2,0,1,2,-1,-1,1,-1,2,2,2,-1,1,2,1,-1,-1,-1,1,1,3,0,2,1,-1,2,1,1,-1,-1,1,-2,1,2,2,2,2,2,-2,-4,-2,-2,2,2,-3,1,-2,-1,1,0,-1,-2,2,-2,1,1
2,1,-1,0,5,1,0,0,0,0,0,1,0,1,-1,1,1,0,0,0,1,1,2,1,1,1,1,1,1,-1,2,-2,1,1,2,-1,1,1,1,1,2,1,4,2,2,2,2,2,-4,4,0,2,2,1,1,0,-1,3,0,1,-2,2,-2,1,0
0,1,1,2,7,1,0,0,0,0,0,1,2,-1,1,1,1,-2,-2,-2,1,1,2,-1,-1,1,1,3,1,-1,-2,-2,1,-1,0,-1,1,1,3,1,0,-1,2,2,2,2,-2,2,-4,0,-2,2,0,3,1,0,1,3,0,1,2,0,-2,1,0
-2,1,1,2,-5,1,-2,-2,-2,-2,0,1,2,3,1,1,1,2,0,0,1,1,0,1,1,1,1,1,1,-1,0,2,1,1,0,-1,3,-1,-1,1,0,1,4,2,0,2,-2,0,-4,2,0,2,2,-1,1,-2,-1,1,0,-1,0,2,2,1,0
-2,-1,1,0,-3,-1,-2,-2,-2,-2,-2,1,2,-1,-1,-1,-1,0,0,0,1,-1,0,1,1,1,1,3,1,3,2,4,1,-1,2,1,3,1,1,1,-4,-1,4,2,0,2,-4,2,-4,0,0,0,2,-1,-1,2,-1,1,2,1,0,2,2,1,1
-2,1,-1,0,-7,1,-2,-2,-2,-2,0,1,-2,1,-1,1,1,2,2,2,1,-1,2,1,1,1,-1,3,1,3,0,4,-1,1,0,1,-5,-1,1,1,4,-1,2,0,-2,0,2,2,-4,-2,2,-2,2,1,1,2,-1,1,2,1,0,2,-2,-1,0
0,3,1,2,-7,1,0,0,0,0,0,1,0,-1,-1,1,1,-2,-2,-2,3,-1,2,1,-1,-1,-1,3,1,3,0,-4,-3,1,0,1,-3,-1,1,1,2,1,0,0,0,0,-2,0,4,4,0,2,-2,3,-1,-2,1,1,0,1,2,0,0,1,1
0,-3,1,0,-7,-1,-2,-2,-2,-2,0,-1,0,-3,-1,-1,-1,0,0,0,1,-1,0,1,1,-1,-1,-1,1,-3,2,4,1,1,2,-1,1,-1,-1,-1,-2,-1,2,2,0,0,-2,-2,-4,0,0,2,2,-1,-1,2,1,-3,-2,-1,0,-2,-2,1,1
0,-1,-1,2,7,1,2,2,2,2,0,1,0,-1,1,-1,-1,0,0,0,1,-1,0,1,-1,1,-1,1,-1,-1,-2,4,1,1,0,-1,-1,1,1,1,0,1,-2,2,2,0,-4,2,4,0,-2,2,2,-3,1,2,-1,3,0,1,2,0,0,1,0
0,-3,-1,0,5,-1,0,0,0,0,0,1,2,-1,-1,-1,1,0,-2,-2,3,-1,0,1,-1,-1,1,1,1,1,0,-4,-1,-1,0,1,3,1,-1,1,-2,-1,4,0,0,2,-2,2,-4,0,-2,-2,2,-3,1,-2,-1,-1,2,1,2,0,-2,1,1
-2,1,1,0,-5,1,0,0,0,0,0,1,2,-3,1,-1,-1,0,0,0,-1,1,-2,1,-1,1,-1,3,1,-1,-2,2,1,-1,-2,-1,1,-1,3,1,2,1,2,0,-2,2,-2,2,4,0,0,-2,2,3,1,-2,1,1,0,1,-2,0,-2,1,1
2,3,-1,0,-3,1,-2,-2,-2,-2,0,1,2,-1,-1,-1,1,-2,-2,-2,1,-1,0,1,-1,1,-1,3,1,3,-2,-2,1,1,0,1,5,1,3,-1,2,1,2,0,0,0,-4,2,-4,0,-2,-2,2,1,1,2,-1,3,2,1,0,0,2,1,1
0,1,1,0,-7,1,0,0,0,0,0,1,0,1,-1,-1,1,0,0,0,1,-1,-2,1,1,-1,-1,3,1,1,0,4,-1,1,0,-1,-3,-1,-1,1,4,-1,0,-2,-2,2,-4,-2,4,-4,2,-2,-2,1,1,2,-1,3,0,-1,0,2,0,1,1
-2,-1,-1,2,-7,1,0,0,0,0,0,1,-2,-1,-1,-1,-1,-2,-2,-2,1,1,-2,1,1,-1,1,-1,1,-3,-2,-2,3,-1,-2,-1,1,-1,-3,1,2,1,4,2,0,2,-4,0,4,0,2,2,2,-1,1,2,-1,-3,-2,1,2,0,0,-1,1
-2,-1,-1,0,-3,1,-2,-2,-2,-2,0,-1,2,-1,-1,-1,-1,0,0,0,-3,1,0,-1,-1,1,-1,1,-1,1,0,2,1,-1,0,-1,1,1,1,1,0,-1,-2,0,0,2,-4,2,-4,-2,0,-2,2,-3,1,-2,-1,1,2,1,0,-2,-2,1,1
0,-3,-1,2,7,-1,2,2,2,2,0,1,0,-1,1,-1,1,0,0,0,3,-1,-2,1,-1,1,-1,3,1,3,0,4,-1,1,0,1,-1,1,3,1,0,-1,2,-2,0,0,-4,2,4,0,-2,-2,0,-3,1,2,-1,1,2,1,2,0,0,1,0
0,1,-1,2,-7,1,-2,-2,-2,-2,0,1,2,-1,-1,-1,-1,0,0,0,1,-1,0,1,-1,-1,-1,-3,-1,-3,0,-2,1,-1,0,-1,3,-1,-3,1,-2,-1,-2,-2,-2,2,4,-2,-4,0,-2,-2,0,-3,1,2,1,-1,-2,-1,2,0,2,1,1
0,1,1,2,-5,1,-2,-2,-2,-2,0,1,0,1,1,-1,-1,0,0,0,1,1,0,1,-1,-1,1,1,1,-3,0,4,1,1,2,-1,-3,-1,-1,1,2,1,4,0,-2,0,-4,2,-4,2,-2,-2,2,3,1,2,-1,-1,0,1,2,2,-2,1,0
-2,1,-1,0,5,1,0,0,0,0,0,1,0,-1,-1,1,-1,-2,-2,-2,-1,1,0,-1,-1,-1,1,-1,1,-3,0,-2,-1,1,-2,-1,-3,1,-1,1,0,1,4,0,2,2,-4,-2,-4,2,-2,0,2,-3,1,0,-1,-3,-2,-1,2,0,0,1,1
-2,1,-1,2,-5,1,0,0,0,0,0,1,0,-1,-1,-1,-1,0,0,0,-1,-1,-2,-1,-1,-1,-1,-3,-1,-3,2,4,1,1,0,-1,-1,1,-1,-1,2,1,-2,0,0,0,-2,-2,4,2,-2,0,2,-1,1,2,1,-3,-2,-1,2,2,0,1,1
-2,-3,-1,2,-7,-1,-2,-2,-2,-2,-2,-1,0,-1,-1,1,-1,0,-2,-2,-1,1,0,1,-1,-1,-1,1,1,1,0,-4,-1,-1,-2,-1,-1,-1,-3,1,-2,1,2,2,0,2,0,2,-4,4,-2,2,2,-3,1,-2,1,1,2,1,0,-2,-2,-1,1
-2,-1,-1,0,3,1,0,0,0,0,0,1,2,1,-1,1,-1,0,0,0,-1,-1,0,1,-1,-1,1,1,1,-3,0,4,-3,-1,-2,-1,-1,1,-1,1,-2,-1,2,-2,-2,2,-2,2,-4,2,-2,-2,-2,-3,1,0,1,-1,0,1,-2,2,-2,1,1
-2,3,1,0,-7,1,0,0,0,0,-2,-1,2,-1,-1,1,-1,0,0,0,-1,-1,2,1,1,-1,-1,-3,-1,-1,2,4,1,-1,2,1,3,-1,-3,1,2,-1,-2,0,0,2,-2,2,4,2,2,2,0,3,1,2,1,-3,0,1,-2,-2,2,1,1
-2,-1,1,-2,-5,-1,-2,-2,-2,-2,0,1,0,-1,1,-1,-1,2,0,0,-1,1,0,1,-1,-1,1,3,1,3,0,4,3,1,0,1,1,-1,1,1,-2,1,4,0,-2,2,-2,2,-4,2,-2,-2,2,-1,-1,2,-1,1,2,1,-2,0,2,1,0
-2,3,-1,2,1,1,0,0,0,0,0,1,2,-3,-1,1,-1,2,2,2,-1,1,2,1,-1,1,-1,-1,1,-3,0,4,3,-1,0,-1,3,-1,1,1,0,1,2,-2,0,2,4,2,-4,2,0,0,0,1,-1,2,1,-3,0,1,0,0,2,1,1
-2,-3,1,2,-5,-1,-2,-2,-2,-2,2,1,0,1,1,1,-1,0,-2,-2,1,1,2,1,1,1,1,3,1,-3,0,-2,3,1,2,-1,-1,-1,3,-1,2,1,4,-2,-2,0,0,2,-4,0,2,-2,0,1,-1,2,1,-1,0,1,2,2,-2,1,1
-2,-1,1,2,7,-1,2,2,2,2,2,1,2,3,1,-1,1,-2,-2,-2,1,-1,0,1,-1,-1,-1,-3,-1,-1,0,-2,1,-1,2,1,3,1,-1,1,-2,1,-2,0,2,2,-2,2,4,2,-2,2,0,-1,1,2,1,-3,0,1,0,2,2,1,0
0,-1,-1,2,5,-1,2,2,2,2,0,1,0,-1,1,-1,1,0,0,0,-1,-1,0,-1,1,-1,1,3,1,3,-2,4,-1,1,0,1,-3,1,1,1,0,1,4,0,0,0,-4,-2,4,2,0,2,0,1,-1,2,-1,1,0,-1,0,0,-2,1,0
0,-3,-1,2,-3,-1,-2,-2,-2,-2,0,-1,2,-1,1,1,1,2,0,0,1,1,0,1,-1,-1,1,-1,1,-3,2,2,1,-1,0,-1,3,-1,-1,-1,-2,1,2,-2,0,0,-2,0,-4,4,-2,-2,-2,-3,1,-2,-1,-3,-2,1,0,-2,-2,1,1
0,-3,1,0,-5,-1,-2,-2,-2,-2,0,1,0,1,1,-1,1,0,0,0,3,1,-2,1,-1,1,-1,3,1,3,0,-4,1,-1,0,1,3,-1,1,-1,-2,-1,0,0,0,0,4,0,-4,-2,-2,2,-2,-1,1,-2,1,1,0,1,2,0,-2,-1,1
0,3,1,0,5,1,2,2,2,2,0,1,0,-1,-1,-1,1,2,2,2,1,-1,-2,1,-1,-1,-1,1,-1,3,0,2,-3,-1,-2,1,-5,1,-1,-1,-2,-1,-4,0,2,-2,2,2,4,-2,0,2,-2,1,-1,-2,-1,3,2,1,0,0,0,1,1
0,3,1,0,7,1,2,2,2,2,2,-1,2,-1,1,1,1,-2,-2,-2,1,1,0,1,-1,1,-1,-1,-1,1,2,-2,1,-1,0,-1,1,1,3,1,-2,-1,-4,0,2,0,-2,2,4,-2,0,2,-2,1,-1,0,1,-1,2,1,0,-2,0,1,0
2,-1,1,2,-5,-1,0,0,0,0,-2,1,2,1,-1,1,1,0,-2,-2,3,1,0,1,-1,1,-1,3,1,3,2,-2,3,-1,0,1,5,1,1,-1,0,1,2,0,-2,0,0,2,4,4,-2,-2,2,3,1,2,1,3,2,1,2,2,0,1,0
0,-3,-1,2,-7,-1,-2,-2,-2,-2,-2,1,2,-1,-1,1,1,0,0,0,1,1,2,-1,1,1,-1,-1,1,-3,0,2,1,-1,0,-1,3,-1,-1,1,-2,1,2,2,0,2,-2,-2,-4,4,0,2,2,-3,1,-2,1,-1,-2,-1,2,0,0,1,1
0,3,1,2,-5,1,0,0,0,0,0,1,0,1,1,1,1,2,2,2,1,1,2,1,-1,1,-1,-1,-1,3,0,2,1,1,2,1,3,-1,-1,1,0,1,-2,0,-2,2,4,2,4,0,0,-2,2,1,-1,-2,1,1,2,1,0,2,2,1,0
0,3,1,2,3,1,0,0,0,0,0,1,0,-1,1,-1,-1,2,2,2,1,-1,0,1,-1,-1,1,1,1,3,0,4,-1,1,0,1,-1,-1,-1,-1,2,1,4,0,-2,0,4,2,-4,4,-2,-2,2,3,1,2,1,1,2,1,2,0,0,1,0
0,-3,-1,0,5,-1,2,2,2,2,0,1,0,1,-1,1,-1,0,0,0,-1,-1,2,1,1,1,1,-1,1,-1,0,4,-1,1,0,-1,-3,1,-1,1,-2,1,2,-2,0,0,-2,2,4,2,0,-2,-2,-3,-1,2,1,-3,2,1,0,0,-2,1,0
0,1,-1,2,7,1,2,2,2,2,2,1,0,1,1,1,-1,0,0,0,1,1,2,1,1,-1,1,3,1,-1,0,4,3,1,2,1,1,1,1,1,0,-1,4,2,2,0,-4,-2,4,-2,2,2,2,-3,-1,2,-1,-1,-2,-1,2,2,2,1,0
0,-1,1,0,-5,-1,0,0,0,0,0,1,2,-1,-1,1,1,2,2,2,3,1,0,1,1,-1,1,1,1,1,2,4,3,1,0,-1,1,1,-3,1,2,1,4,0,-2,2,4,-2,4,0,0,-2,2,3,1,2,1,3,0,-1,2,0,-2,1,0
-2,-1,-1,0,-5,1,-2,-2,0,0,0,1,2,1,1,-1,1,-2,-2,-2,3,1,0,1,-1,-1,1,3,1,1,-2,-4,1,-1,0,-1,-1,-1,-1,1,0,1,2,-2,-2,0,-2,-2,0,0,0,-2,-2,-1,-1,-2,1,1,0,-1,2,0,-2,1,0
2,1,1,0,7,1,2,2,2,2,0,1,2,-1,1,1,1,2,2,2,3,-1,0,1,-1,-1,1,1,1,-3,2,4,1,1,0,-1,5,1,-1,1,4,-1,2,-2,0,2,2,0,4,0,0,-2,-2,1,1,2,-1,1,0,-1,2,0,2,1,0
0,1,1,2,-1,1,0,0,0,0,0,1,0,-1,1,1,-1,0,0,0,1,-1,0,1,-1,-1,1,-1,1,-3,0,4,-1,1,-2,-1,-3,1,-3,1,4,-1,4,0,0,0,-2,2,4,0,0,-2,2,3,1,2,1,-3,0,1,2,0,-2,1,0
-2,1,1,0,-1,1,-2,-2,-2,-2,0,1,0,-1,1,1,1,-2,-2,-2,3,1,2,1,1,-1,-1,3,1,1,0,-4,1,-1,2,-1,1,1,-1,1,-2,1,2,0,0,2,-4,-2,-4,-2,2,-2,2,-1,-1,-2,-1,1,0,-1,2,0,2,1,0
0,3,1,2,-7,1,0,0,0,0,0,1,0,-3,-1,-1,-1,2,2,2,1,-1,0,1,-1,1,1,3,1,-3,2,2,-1,1,2,-1,-1,-1,3,1,0,1,2,-2,-2,2,4,2,4,2,-2,-2,-2,3,-1,-2,1,1,0,1,2,0,0,1,0
2,-1,-1,2,5,1,0,0,0,0,0,1,2,-1,-1,1,1,0,0,0,1,-1,2,-1,1,-1,-1,-1,-1,-3,0,4,1,1,2,-1,3,1,-1,1,0,1,-2,0,2,2,-2,2,-4,2,0,2,0,-1,-1,2,1,1,0,1,2,0,-2,1,0
-2,-1,1,2,-3,-1,0,0,-2,-2,2,1,-2,3,-1,1,1,-2,-2,-2,-1,1,0,-1,1,-1,1,1,1,-1,2,-4,1,-1,0,1,1,-1,-1,1,0,1,4,2,0,2,-2,2,-4,4,2,2,2,3,-1,-2,1,-1,0,1,0,2,0,-1,1
-2,-1,1,0,-7,-1,-2,-2,-2,-2,2,1,2,1,-1,1,-1,0,0,0,1,1,2,1,1,-1,1,1,1,3,0,4,3,1,0,1,3,-1,-1,-1,2,1,4,0,-2,0,-2,-2,-4,2,0,-2,2,3,1,2,1,1,0,-1,0,2,0,1,0
-2,3,1,2,-1,1,0,0,0,0,-2,1,-2,1,1,-1,1,2,2,2,3,-1,0,1,1,-1,1,1,1,-3,0,4,1,-1,0,-1,1,1,-3,1,0,1,2,-2,0,2,2,-2,4,4,0,-2,-2,3,1,2,-1,-1,-2,-1,2,2,2,-1,0
0,1,1,0,-5,1,-2,-2,-2,-2,0,1,0,1,1,1,1,0,0,0,1,-1,2,-1,-1,-1,1,1,1,-1,0,4,-1,1,2,1,-1,-1,-1,1,4,1,2,0,0,0,-4,2,-4,0,0,2,-2,3,1,2,-1,-1,0,1,2,2,0,1,0
-2,-3,1,0,5,-1,2,2,2,2,0,1,0,3,-1,-1,-1,2,2,2,-1,-1,-2,1,1,1,-1,-3,-1,1,2,4,-1,1,0,-1,-3,1,-1,-1,0,1,-2,0,0,0,4,-2,4,4,0,-2,2,-1,1,2,1,-1,0,-1,-2,2,-2,1,0
-2,-1,1,2,7,-1,2,2,2,2,0,1,0,1,1,1,1,0,0,0,1,1,2,1,1,1,1,-1,1,3,2,4,1,-1,2,1,-3,1,1,1,-2,1,4,2,2,0,-2,2,4,4,0,2,2,-1,1,2,1,-1,2,1,0,2,2,1,0
0,1,1,0,-7,1,0,0,0,0,0,1,0,3,-1,1,-1,0,0,0,1,-1,2,1,1,-1,1,1,1,-1,2,4,-1,1,2,1,-5,-1,-3,1,-2,1,4,2,0,0,-4,2,4,4,0,2,2,1,-1,2,-1,1,0,1,0,2,-2,1,0
0,1,-1,-2,-5,1,-2,-2,-2,-2,2,1,2,1,-1,-1,-1,2,0,0,-1,1,0,1,1,1,-1,3,1,3,2,4,1,-1,2,1,1,1,3,1,0,-1,2,0,-2,0,-2,2,-4,-2,2,-2,2,-3,1,0,-1,1,2,1,-2,2,0,1,0
-2,-1,1,2,-5,-1,0,0,0,0,2,1,0,3,-1,1,1,0,0,0,1,-1,0,1,-1,-1,-1,1,1,-3,2,2,-3,-1,0,-1,-5,-1,-1,1,0,1,2,2,2,0,-2,-2,4,4,-2,2,2,3,1,-2,1,-1,-2,-1,0,2,-2,1,0
0,-1,-1,-2,-7,-1,0,0,0,0,0,1,0,1,-1,-1,1,2,0,0,1,1,0,-1,-1,1,-1,1,1,1,2,4,1,1,2,-1,-1,-1,-1,1,2,1,0,0,0,0,0,2,4,2,0,2,-2,-3,1,0,1,1,2,1,0,0,0,1,0
0,-1,-1,0,-5,1,-2,-2,-2,-2,0,1,0,3,1,-1,1,0,-2,-2,-1,-1,0,-1,1,-1,1,-1,1,-1,0,-2,1,-1,0,1,1,-1,-3,1,0,1,4,2,0,2,-2,-2,-4,4,0,2,2,-1,1,2,-1,-3,-2,-1,-2,2,-2,1,0
0,1,1,0,-3,1,0,0,0,0,2,1,0,1,-1,1,-1,0,0,0,-1,1,2,1,-1,1,1,3,1,3,2,4,1,1,2,1,-1,1,3,1,4,1,4,2,2,2,-2,-2,4,0,0,2,2,3,1,0,1,3,0,-1,0,2,-2,1,0
0,1,-1,0,-5,1,0,0,0,0,0,-1,2,3,1,1,-1,2,2,2,-3,-1,2,-1,1,-1,-1,3,1,-3,2,4,1,1,2,-1,5,-1,-1,1,0,1,0,0,0,2,4,-2,4,2,0,2,-2,-3,1,2,1,-1,-2,-1,0,0,2,1,0
0,3,1,-2,-7,1,0,0,0,0,0,1,0,-1,-1,-1,-1,2,0,0,1,1,0,1,-1,1,1,3,1,1,0,2,1,1,0,-1,1,-1,3,-1,2,1,4,0,-2,0,0,2,4,2,-2,-2,2,3,1,-2,1,1,2,1,0,0,0,1,0
-2,1,1,2,-3,1,0,0,0,0,0,1,0,-1,-1,1,1,2,2,2,3,1,0,1,-1,-1,-1,3,1,1,0,2,-1,1,-2,-1,-5,1,-1,1,0,1,2,2,2,0,2,-2,4,2,-2,2,2,3,-1,-2,-1,1,0,-1,2,0,-2,1,1
-2,-1,-1,0,-1,1,-2,-2,-2,-2,0,1,2,3,1,-1,1,2,2,2,3,1,0,1,-1,1,-1,3,1,1,0,2,1,-1,0,-1,1,1,1,1,-2,1,2,2,2,2,2,2,-4,2,0,2,2,-3,-1,-2,-1,1,2,1,2,2,-2,1,0
-2,1,-1,0,-3,1,0,0,0,0,0,1,2,1,1,1,-1,2,0,0,-1,1,2,-1,1,1,1,1,1,-3,0,4,1,1,2,-1,3,1,3,1,0,1,4,-2,-2,2,-2,-2,4,0,0,-2,0,-3,1,0,-1,-3,-2,-1,2,2,2,1,0
0,-1,1,0,7,1,0,0,0,0,0,1,0,-1,1,-1,-1,0,0,0,-1,-1,0,1,-1,-1,1,1,1,-1,0,4,-1,-1,0,1,-3,1,-1,1,-2,-1,2,0,2,0,-2,0,-4,0,-2,2,-2,-1,1,2,1,-1,0,-1,0,0,-2,1,0
0,-3,-1,0,-5,-1,-2,-2,-2,-2,0,1,0,-1,1,-1,1,-2,-2,-2,-1,1,0,-1,-1,-1,-1,3,1,-1,2,-2,1,-1,2,-1,-3,-1,1,-1,2,-1,2,0,-2,-2,-4,-2,-4,-2,0,-2,2,-1,1,0,-1,3,-2,-1,0,2,-2,1,1
0,-3,1,2,-7,-1,-2,-2,-2,-2,0,1,2,1,-1,-1,-1,-2,-2,-2,-3,1,0,-1,-1,-1,-1,-3,-1,-3,-2,-4,1,1,0,-1,5,-1,-1,-1,2,-1,-2,-2,-2,0,-2,-2,-4,0,0,-2,0,1,-1,-2,1,-3,-2,-1,0,2,0,1,1
0,-3,-1,-2,-7,-1,0,0,0,0,0,1,0,-1,-1,-1,-1,2,2,2,-3,1,0,-1,-1,-1,1,1,1,1,0,4,1,1,2,-1,-3,-1,-3,-1,-2,-1,2,-2,-2,-2,4,-2,4,-4,-2,-2,-2,-3,-1,2,1,1,0,-1,-2,0,-2,1,1
2,3,1,2,5,1,0,0,0,0,0,1,0,-1,-1,1,1,2,2,2,3,1,2,1,1,1,1,1,1,1,2,4,3,1,2,-1,1,1,-1,1,4,1,2,0,0,2,4,2,-4,2,2,-2,0,3,1,2,1,3,2,1,2,0,0,1,0
2,-1,-1,-2,5,1,2,2,2,2,2,1,2,3,-1,1,-1,0,0,0,-3,-1,2,-1,1,1,1,3,1,-3,0,4,1,1,0,-1,3,1,3,-1,-2,1,4,0,0,0,-4,-2,4,2,0,-2,2,-3,-1,2,-1,1,-2,-1,-2,2,-2,1,1
0,3,-1,0,-3,1,-2,-2,-2,-2,2,1,0,1,1,-1,1,2,2,2,3,-1,0,1,-1,-1,-1,-1,-1,3,0,4,-1,-1,0,1,-5,-1,-1,1,0,-1,-2,0,0,0,4,2,-4,-2,-2,-2,2,1,1,2,1,3,2,1,2,2,0,1,0
2,-3,-1,2,7,-1,2,2,2,2,-2,1,2,1,1,-1,1,2,2,2,1,-1,0,1,-1,1,-1,1,-1,3,0,4,-1,1,2,1,1,1,1,1,0,1,-2,2,2,2,4,2,4,2,-2,2,2,-3,1,2,1,3,2,1,0,2,-2,1,0
-2,1,-1,0,-5,1,0,0,0,0,-2,1,-2,-1,-1,1,1,0,0,0,1,-1,0,1,1,1,-1,-1,1,-3,2,4,1,1,0,-1,1,1,-1,1,2,-1,-2,0,0,2,-4,0,4,-2,2,2,-2,-3,1,2,-1,-1,0,-1,0,2,2,-1,0
-2,1,-1,-2,-3,1,0,0,0,0,-2,1,0,1,-1,-1,1,0,0,0,1,1,0,1,1,1,-1,3,1,3,2,4,1,-1,2,1,-3,1,1,1,0,1,2,2,2,0,-2,0,4,2,2,2,2,-3,1,0,1,1,2,-1,-2,2,0,1,0
2,-1,1,0,3,1,0,0,0,0,2,1,2,-1,-1,-1,-1,-2,-2,-2,-1,1,0,1,1,1,-1,3,1,3,0,-4,1,1,0,1,3,-1,3,1,0,-1,2,2,2,2,-2,-2,-4,-2,0,2,2,-1,1,-2,1,3,0,-1,0,0,-2,1,0
0,-3,-1,0,-7,-1,0,0,0,0,0,1,0,-1,-1,-1,1,0,0,0,-1,-1,-2,-1,-1,1,-1,3,1,-1,0,2,-3,-1,-2,-1,-5,-1,3,1,0,-1,0,0,0,0,-4,-2,4,-2,0,2,-2,-3,1,-2,-1,3,-2,-1,0,2,-2,1,1
-2,-3,-1,2,-5,-1,-2,-2,-2,-2,2,1,2,-1,-1,1,-1,0,0,0,1,-1,2,1,-1,-1,1,1,1,3,0,2,-1,-1,0,1,1,1,-1,1,2,1,4,-2,-2,2,-2,2,-4,2,0,-2,0,-1,1,-2,1,1,2,1,2,0,-2,1,1
-2,1,1,2,-3,-1,0,0,0,0,2,1,-2,-1,-1,-1,-1,0,0,0,-3,-1,-2,-1,-1,1,1,3,1,3,0,4,1,1,-2,1,1,1,3,1,2,1,2,0,2,2,-2,2,4,2,-2,2,-2,3,1,2,1,1,2,1,0,0,2,-1,1
2,-3,-1,-2,-7,-1,0,0,0,0,0,1,2,1,-1,-1,1,2,2,2,3,-1,0,1,-1,-1,1,1,1,-3,0,2,-1,1,0,-1,3,-1,-1,1,0,1,2,-2,-2,2,2,0,4,2,-2,-2,-2,-3,1,-2,-1,1,0,-1,0,2,-2,1,1
0,-1,1,2,5,-1,0,0,0,0,-2,1,0,-1,-1,1,-1,0,0,0,-3,1,2,-1,-1,-1,1,-1,1,-3,2,-2,-1,-1,2,-1,-3,1,-3,-1,0,1,4,0,0,-2,2,-2,-4,2,-2,-2,2,3,1,0,-1,-3,-2,-1,0,2,-2,1,1
0,1,1,2,5,1,2,2,2,2,0,1,0,3,-1,-1,1,0,0,0,3,1,0,1,1,1,1,3,1,3,-2,2,-1,-1,0,1,-3,1,1,-1,2,-1,4,2,2,0,-2,-2,4,0,2,2,2,3,1,-2,1,3,0,-1,2,2,-2,1,1
0,-3,-1,2,-5,-1,-2,-2,-2,-2,2,1,0,-1,-1,1,1,0,0,0,-1,1,2,-1,-1,1,1,3,1,3,-2,-2,1,1,0,1,-1,1,3,-1,2,-1,4,0,-2,-2,4,-2,-4,-2,0,-2,2,-1,-1,0,1,1,0,-1,0,0,-2,1,1
-2,1,-1,-2,-3,1,2,-2,-2,-2,0,1,2,-1,-1,-1,-1,2,0,0,1,1,0,1,-1,1,-1,3,1,1,0,4,1,-1,0,-1,3,1,3,1,-2,1,2,0,-2,2,-2,0,-2,0,-2,-2,2,-3,1,0,-1,1,2,-1,0,2,2,1,1
-2,1,-1,2,-7,1,-2,-2,-2,-2,0,1,0,-1,-1,-1,1,0,-2,-2,1,1,-2,1,-1,-1,-1,-3,-1,3,-2,-4,1,1,-2,1,-1,-1,-1,-1,0,-1,-2,0,0,0,0,-2,-4,-2,-2,2,0,1,-1,-2,1,-1,0,-1,0,2,-2,1,1
-2,-3,1,-2,5,-1,0,0,0,0,0,1,0,-3,-1,-1,1,0,0,0,-1,1,0,-1,-1,-1,1,-1,1,-3,-2,2,-1,1,0,-1,-3,1,-1,1,2,1,4,2,2,0,-2,-2,-4,-2,0,2,2,-1,1,-2,1,-3,-2,-1,-2,0,-2,-1,1
-2,-1,-1,2,-7,-1,-2,-2,-2,-2,0,1,0,1,-1,-1,1,-2,-2,-2,1,1,0,-1,-1,-1,1,-1,1,-3,0,-4,1,-1,2,-1,-1,-1,-1,-1,0,1,4,2,0,0,-4,-2,-4,2,-2,2,2,1,1,-2,-1,-3,-2,-1,2,2,-2,1,1
0,-3,-1,-2,-3,-1,0,0,0,0,0,1,0,1,1,-1,1,2,2,2,-1,1,0,-1,-1,1,-1,-3,-1,-3,0,2,-1,-1,0,-1,-3,-1,-1,1,0,-1,-4,0,2,0,2,2,4,0,-2,2,-2,-1,1,-2,-1,-3,0,1,-2,0,-2,1,1
-2,1,-1,-2,-3,1,-2,-2,-2,-2,0,-1,2,3,-1,-1,1,0,0,0,1,-1,0,-1,-1,1,1,1,1,-3,2,4,1,1,2,-1,3,1,-1,1,0,-1,2,-2,0,2,-4,0,-4,0,0,-2,-2,-3,-1,2,-1,-1,0,-1,0,0,2,1,1
0,1,-1,-2,-7,1,-2,-2,-2,-2,-2,1,0,1,-1,-1,1,0,0,0,1,1,0,1,-1,1,-1,1,-1,-1,0,2,-1,-1,0,1,-1,-1,1,1,0,1,-4,0,0,0,-4,2,-4,2,0,2,-2,-1,1,-2,-1,-1,0,1,-2,2,-2,-1,1
-2,-3,1,0,-7,-1,0,0,0,0,0,-1,0,-3,-1,-1,1,-2,-2,-2,1,-1,-2,1,-1,-1,1,-1,1,-3,0,-2,-1,-1,-2,-1,-5,-1,-1,1,-2,-1,2,-2,-2,0,-4,-2,4,-2,0,-2,-2,-1,-1,2,-1,-3,-2,-1,0,-2,-2,1,1
-2,3,-1,0,-3,1,-2,-2,-2,-2,0,1,0,-1,-1,1,1,0,0,0,3,-1,0,1,-1,1,-1,-1,1,-3,0,4,-1,1,-2,-1,-5,1,-1,-1,4,-1,2,2,2,-2,-4,-2,-4,0,0,2,2,1,1,2,-1,-3,-2,-1,0,0,0,1,1
-2,1,-1,2,-1,1,-2,-2,-2,-2,-2,1,0,-1,1,-1,1,-2,-2,-2,1,1,0,1,-1,-1,-1,1,1,3,2,-4,-1,1,2,1,-3,1,-3,1,0,-1,2,0,0,2,-2,-2,-4,0,-2,-2,2,-3,1,-2,1,1,0,-1,0,2,0,1,1
0,-1,1,2,7,-1,0,0,0,0,-2,1,-2,-3,1,-1,-1,0,0,0,1,1,0,1,-1,1,-1,-1,-1,3,0,-4,-1,-1,2,1,-3,1,-1,-1,2,1,-4,-2,0,-2,2,0,-4,0,0,-2,-2,3,1,-2,-1,1,0,1,2,0,-2,-1,1
2,-1,-1,-2,-5,1,0,0,0,0,0,1,0,-3,1,1,-1,-2,-2,-2,-1,-1,2,1,-1,-1,1,1,1,-1,0,-4,-1,-1,0,-1,1,-1,-1,1,0,1,4,2,0,2,-2,2,4,0,0,2,2,-3,1,-2,1,3,0,1,-2,0,-2,1,1
