rs7791708_G,rs10503270_T,rs2732949_A,rs9314317_G,rs4738131_C,rs10491725_T,rs542305_A,rs6667670_A,rs10905791_C,rs7921084_T,rs2503035_C,rs2500061_C,rs2499942_A,rs10839531_A,rs3016369_A,rs491600_A,rs768877_G,rs4245123_C,rs4766200_G,rs11050401_T,rs2481962_C,rs1805107_G,rs1750719_T,rs1926317_A,rs2479431_T,rs4131245_A,rs2872782_A,rs6709884_C,rs8055243_A,rs8076567_T,rs2074163_A,rs9912740_T,rs1940685_G,rs11665640_C,rs9959822_A,rs4799084_T,rs1006111_C,rs908571_G,rs6044565_G,rs220124_T,rs12481805_A,rs5752553_T,rs131067_C,rs134461_C,rs1466984_A,rs6629472_A,rs4129450_C,rs4263904_G,rs5918294_T,rs2205399_A,rs5960307_T,rs1367830_T,rs7888054_A,rs5981115_G,rs6525489_G,rs717819_A,rs4325031_G,rs4825755_A,rs6423133_G,rs5910148_C,rs5954362_C,rs1569562_G,rs2719836_T,rs2719835_G,rs5904743_G,rs1257208_A,rs4972345_C,rs1525171_T,rs477224_C,rs7593451_A,rs17815052_C,rs6748217_C,rs6437249_T,rs6762394_T,rs7640916_C,rs17476066_C,rs2630489_G,rs974483_G,rs972072_T,rs11736643_T,rs958820_T,rs10479334_C,rs10053084_G,rs2055422_C,rs6877607_G,rs1125813_T,rs6942083_A,rs6456774_C,rs9468079_A,rs1883405_T,rs1534937_A,rs2223463_G,rs12195788_C,rs2206252_A,rs6936356_A,rs6936539_C,rs7754411_T,rs980963_C,rs980962_G,rs980961_A,rs6923108_G,rs9461380_G,rs9468115_T,rs4711149_C,rs9468117_A,rs10946913_C,rs4305708_T,rs4455661_T,rs9468121_A,rs6456785_T,rs2092122_A,rs4713106_T,rs6929563_T,rs194881_A,rs17083709_G,rs2097506_C,rs470278_G,rs1448655_T,rs7795940_G,rs733317_G,Labels
-1,0,0,-2,-2,12,-1,-1,-1,2,0,3,-1,0,-2,1,3,1,2,1,-1,1,-3,-1,2,1,1,-1,-1,1,-1,1,-2,-1,1,-1,-1,-3,-1,1,-2,-2,2,1,1,-2,-2,-1,1,1,0,1,1,0,1,1,2,1,1,1,-1,0,0,0,0,0,4,0,0,-1,-1,-1,-7,1,0,0,-2,-1,-17,1,-3,1,-2,-1,1,-1,2,-1,-1,2,2,2,0,-1,0,-1,0,0,-1,0,-2,-2,-2,-2,-2,-2,-2,-2,-1,3,1,-1,-2,-3,8,-4,-1,1,-2,0,1
-1,-2,2,-2,0,-10,1,-1,1,-2,2,1,-1,0,2,1,3,-1,2,5,1,1,1,-1,2,1,-1,1,-1,1,-1,-1,2,-1,-1,-1,1,1,-1,-1,-2,-2,0,1,-1,-2,-2,1,-1,1,2,-1,-1,-2,-1,1,0,1,1,-1,-1,-2,-2,0,0,0,-2,0,2,1,1,-1,7,1,-2,0,2,-1,-19,1,-1,1,2,-1,1,1,-2,-1,-1,-2,-2,-2,-2,-1,-2,-1,-2,-2,-1,-2,0,0,0,0,0,0,0,0,1,1,-1,1,0,1,-10,2,-1,1,0,2,1
-1,2,2,2,0,-6,-1,1,1,2,-2,1,3,0,-2,-1,1,-1,0,1,1,3,1,-1,2,1,1,1,-1,-1,-1,-1,2,-1,1,1,-1,1,1,1,-2,0,0,1,-1,0,-2,1,-1,-1,0,-1,1,-2,1,-1,0,1,-1,-1,-1,2,2,2,0,0,0,-2,-2,-1,-1,1,-7,1,0,0,2,-1,25,1,-1,1,0,1,1,-1,2,1,1,0,2,0,0,1,0,1,0,0,1,0,0,0,0,0,0,2,0,0,1,1,-1,1,2,-1,-10,-2,-1,1,-2,-2,0
1,0,0,2,0,-4,-1,1,1,0,2,1,1,-2,2,1,-1,-1,0,3,-1,-3,-3,-1,2,1,1,1,-1,-1,1,1,2,1,1,1,-1,3,1,-1,0,-2,0,1,1,-2,-2,1,1,1,0,-1,1,0,-1,-1,0,3,-1,1,1,0,0,0,0,0,2,-2,0,1,1,-1,7,1,0,0,2,-1,-23,-1,1,1,-2,1,-1,-1,0,-1,-1,0,-2,0,0,-1,0,-1,0,0,-1,0,0,0,0,0,0,0,0,0,-3,1,1,-1,0,-3,10,2,-1,1,2,2,0
-1,2,0,0,0,-4,-1,-1,1,2,-2,1,3,0,-2,-1,3,1,2,1,-1,1,-1,-1,2,1,-1,-1,-1,-1,-1,-1,0,1,-1,1,1,1,-1,-1,-4,0,0,1,-1,2,-2,-1,-1,1,-2,-1,-1,0,-1,-1,0,-1,1,1,1,0,-2,2,0,2,0,0,-2,1,1,-1,7,1,-2,-2,0,-1,-23,1,-3,-1,-2,-1,1,-1,0,-1,-1,0,-2,0,0,-1,0,-1,0,0,-1,0,0,0,0,0,0,-2,0,0,-3,3,1,-1,-2,-1,8,2,-1,-1,0,-2,0
-1,0,-2,-2,0,0,1,-1,-1,0,-2,-1,-1,0,2,1,1,1,0,5,1,1,1,-1,0,1,-1,-1,1,-1,-1,-1,2,-1,1,-1,1,-3,-1,-1,0,0,0,-1,1,2,-2,-1,-1,1,-2,1,-1,-2,1,-1,2,-1,1,-1,1,0,-2,-2,2,2,0,2,-2,1,1,1,-7,-1,-2,-2,-4,1,-17,-1,-1,-1,0,1,1,1,0,-1,-1,2,0,2,0,-1,0,-1,0,0,-1,0,-2,-2,-2,-2,-2,-2,-2,-2,1,1,1,-1,-2,-1,10,2,-1,1,0,2,1
-1,2,2,2,2,-8,-1,1,1,2,2,1,3,-2,-2,-1,3,-1,2,5,1,1,3,1,2,1,1,-1,1,-1,-1,-1,2,1,-1,1,1,3,1,-1,4,-2,0,1,-1,0,-2,-1,-1,1,2,-1,-1,0,-1,-1,0,3,1,1,1,0,2,2,2,2,0,-2,2,-1,-1,1,-7,1,0,2,0,1,-23,1,3,1,0,1,-1,-1,0,-1,-1,-2,-2,-2,-2,-1,-2,-1,-2,-2,-1,-2,-2,-2,-2,-2,-2,0,-2,-2,-1,-1,-1,-1,0,3,-8,0,-1,1,0,-2,0
-1,0,-2,-2,0,10,1,-1,1,-2,0,1,1,-2,-2,-1,3,1,0,-1,-1,1,-1,1,0,1,-1,-1,1,1,-1,-1,0,1,1,1,1,3,1,-1,0,2,2,1,1,2,2,-1,1,-1,0,1,1,0,1,1,-2,1,1,1,-1,2,0,0,2,2,0,0,2,1,1,1,-7,-1,0,0,2,-1,25,-1,-1,1,2,-1,1,1,0,1,1,2,0,2,2,1,2,1,2,2,1,2,0,0,0,0,0,0,0,0,1,3,1,1,2,3,8,4,1,-1,-2,-2,1
1,2,0,-2,0,6,1,1,1,0,-2,1,-1,-2,2,1,-3,-1,2,1,1,1,1,-1,0,1,-1,-1,-1,1,-1,1,-2,-1,-1,-1,-1,-1,-1,-1,-2,-2,2,-1,-1,-2,-2,-1,-1,1,2,1,1,2,1,1,2,1,-1,-1,-1,2,0,-2,-2,-2,2,-2,-2,-1,-1,1,7,-1,0,0,2,-1,-25,1,-1,1,0,1,-1,-1,2,-1,-1,-2,-2,-2,-2,-1,-2,-1,-2,-2,-1,-2,0,0,0,0,0,0,0,0,-3,-1,-1,-1,-2,-3,-10,-2,-1,1,2,2,1
1,0,2,0,0,-10,-1,1,-1,2,0,1,1,-2,-2,-1,1,-1,0,-3,1,3,1,-1,0,1,3,-1,1,-1,1,-1,2,-1,1,-1,-1,-1,-1,-1,0,0,0,-1,-1,2,-2,-1,-1,-1,-2,-1,-1,0,-1,1,-2,-1,-1,1,-1,0,0,0,2,2,2,0,0,1,1,1,7,-1,2,0,2,-1,-25,1,1,1,0,1,1,1,2,-1,-1,-2,-2,-2,-2,-1,-2,-1,-2,-2,-1,-2,0,0,0,0,0,-2,0,0,-3,-1,-1,-1,-2,1,-8,2,-1,1,-2,-2,1
1,-2,2,2,-2,-4,-1,-1,-1,0,2,-1,1,2,2,1,3,-1,0,1,1,3,1,-1,-2,1,-1,-1,1,-1,1,-1,-2,-1,-1,1,1,1,-1,-1,0,-2,0,1,1,0,-2,1,1,1,-2,-1,-1,0,1,-1,2,-1,1,1,-1,-2,0,2,2,2,0,2,0,-1,-1,-1,7,-1,2,0,4,-1,-19,1,3,-1,-2,1,1,1,0,-1,-1,-2,-2,-2,-2,-1,-2,-1,-2,-2,-1,-2,0,0,0,0,0,-2,0,0,1,-1,-1,1,0,1,-8,-2,-1,1,2,2,0
1,0,0,-2,0,-10,-1,1,-1,0,2,1,3,0,-2,-1,3,-1,0,1,1,3,1,-1,2,1,-1,1,1,1,1,-1,0,1,1,-1,1,-3,1,-1,-4,2,2,1,-1,2,0,-1,-1,-1,-2,-1,1,0,-1,1,0,3,1,-1,-1,-2,-2,0,2,0,0,-2,2,1,1,-1,7,1,2,2,4,1,25,1,1,1,-2,1,1,-1,2,1,1,0,0,0,0,1,0,1,0,0,1,0,2,2,2,2,2,0,2,2,3,3,-1,1,2,-1,-10,2,-1,-1,0,-2,0
-1,2,0,0,0,-8,1,-1,-1,0,0,-1,-1,0,-2,1,1,-1,0,-1,-1,1,-3,-1,0,1,1,-1,-1,-1,-1,-1,-2,-1,-1,1,-1,1,-1,-1,-4,-2,0,-1,-1,0,-2,-3,-1,1,-2,-1,1,0,1,-1,-2,-1,1,1,-1,-2,0,-2,0,2,0,0,2,-1,-1,-1,7,-1,0,2,2,-1,23,1,-3,1,0,-1,1,1,2,1,1,2,0,2,2,1,2,1,2,2,1,2,2,2,2,2,2,0,2,2,1,-1,-1,1,0,-3,4,0,-1,-1,-2,0,1
-1,-2,0,-2,0,10,1,-1,-1,0,0,-1,-1,2,-2,1,3,-1,-2,3,-1,-3,-1,1,-2,-1,-3,-1,-1,-1,-1,1,0,1,1,1,-1,-1,-1,-1,0,0,-2,1,1,2,-2,1,1,-1,2,1,1,0,1,1,2,3,1,-1,1,-2,0,0,0,2,0,2,-2,1,1,-1,-7,-1,-2,-2,-4,-1,-25,-1,1,1,0,1,-1,1,-2,-1,-1,0,-2,0,0,-1,0,-1,0,0,-1,0,-2,-2,-2,-2,-2,0,-2,-2,-3,-1,-1,-1,-2,-3,4,0,-1,-1,-2,0,1
1,-2,0,2,2,8,1,1,-1,0,2,-1,3,0,-2,-1,3,-1,0,3,1,3,1,-1,2,1,-1,1,-1,-1,1,1,-2,-1,-1,-1,1,-3,1,1,0,0,0,-1,-1,0,-2,1,1,1,0,1,1,0,-1,1,2,1,1,1,1,0,2,2,0,0,4,2,0,1,1,-1,-7,1,2,0,4,-1,25,1,1,1,0,1,1,1,0,1,1,2,2,2,2,1,2,1,2,2,1,2,0,0,0,0,0,0,0,0,1,1,1,1,2,-1,10,0,-1,1,-2,-2,0
1,2,0,2,2,6,-1,1,1,0,2,-1,1,-2,-2,-1,1,1,0,1,1,1,1,-1,2,1,1,1,-1,1,-1,1,0,-1,-1,1,1,3,-1,1,-2,2,2,1,-1,2,2,3,1,-1,0,1,1,2,-1,1,0,-1,-1,-1,-1,0,2,2,0,0,2,0,2,1,1,-1,7,1,-2,2,2,1,-15,-1,-1,-1,0,-1,1,1,2,-1,-1,2,2,2,0,-1,0,-1,0,0,-1,0,0,0,0,0,0,-2,0,0,1,1,-1,-1,-2,1,4,4,1,1,0,-2,0
-1,0,2,-2,0,-6,-1,-1,1,0,-2,-1,1,0,-2,-1,3,-1,0,3,1,1,3,1,-2,1,-1,1,1,-1,-1,-1,-2,1,-1,-1,1,1,-1,1,4,0,0,-1,-1,2,-2,1,-1,1,2,-1,1,0,1,-1,0,3,1,1,-1,0,-2,0,2,2,0,0,-2,1,1,1,7,-1,0,-2,2,1,25,1,-3,1,0,-1,-1,1,0,1,1,2,2,2,2,1,2,1,2,2,1,2,2,2,2,2,2,2,2,2,3,1,1,1,0,1,10,2,-1,1,-2,-2,1
1,2,-2,-2,0,2,1,1,-1,0,2,1,-1,0,2,-1,1,-1,2,3,-1,-1,-1,-1,-2,1,1,-1,-1,-1,-1,1,2,1,-1,1,1,1,1,1,-2,0,0,1,1,2,-2,-3,1,1,-2,1,1,2,1,1,0,3,1,-1,-1,2,-2,-2,0,0,0,0,2,1,1,1,-7,-1,-2,0,2,-1,-25,-1,-1,1,2,-1,-1,1,2,-1,-1,-2,0,-2,-2,-1,-2,-1,-2,-2,-1,-2,-2,-2,-2,-2,-2,-2,-2,-2,-3,1,-1,-1,0,1,-10,4,-1,1,2,0,1
1,0,2,-2,0,8,-1,-1,1,2,0,1,1,-2,2,1,1,-1,0,3,1,3,1,-1,-2,1,-1,1,-1,-1,1,1,2,-1,1,1,-1,3,1,-1,-2,2,0,-1,1,2,2,3,1,-1,0,1,1,2,1,-1,2,1,-1,-1,-1,0,0,0,0,2,2,-2,-2,1,1,-1,7,-1,2,0,2,-1,-25,1,3,1,-2,1,1,-1,0,-1,-1,-2,-2,-2,-2,-1,-2,-1,-2,-2,-1,-2,0,0,0,0,0,-2,0,0,-3,-5,-1,-1,0,-1,-10,2,1,1,2,2,0
-1,0,2,2,0,-12,-1,-1,1,0,0,-1,-1,-2,-2,-1,-1,-1,0,-3,1,1,1,-1,0,-1,-1,-1,-1,-1,-1,-1,0,-1,-1,1,1,1,-1,1,-2,-2,-2,1,-1,0,0,-1,-1,-1,0,-1,-1,-2,-1,-1,-2,-3,1,-1,-1,0,0,0,-2,0,-4,-2,0,1,1,1,-7,-1,-2,-2,-2,-1,-25,1,-1,-1,-2,1,1,-1,-2,-1,-1,-2,0,-2,-2,-1,-2,-1,-2,-2,-1,-2,-2,-2,-2,-2,-2,-2,-2,-2,-3,-1,-1,-1,-2,-1,-8,0,1,-1,-2,-2,1
1,0,0,-2,-2,10,1,-1,-1,-2,0,-3,-3,-2,-2,-1,1,-1,0,-1,1,3,1,-1,0,1,-3,-1,-1,1,-1,-1,-2,1,-1,-1,1,-1,1,-1,-4,-2,2,-1,1,-2,-2,-1,1,-1,2,1,1,0,1,1,2,3,1,-1,1,-2,0,-2,0,0,2,-2,-2,-1,-1,-1,-7,-1,0,0,0,-1,23,1,-1,1,0,-1,1,-1,0,1,1,2,0,2,2,1,2,1,2,2,1,2,0,0,0,0,0,2,0,0,1,1,1,1,2,-1,8,0,-1,-1,-2,-2,1
1,2,0,-2,0,14,1,-1,-1,2,0,-1,3,-2,-2,-1,3,1,0,3,-1,-1,-3,-1,0,1,-1,-1,-1,-1,-1,-1,0,-1,-1,1,-1,-1,1,-1,0,2,0,1,1,0,2,1,1,1,0,1,1,0,1,1,2,-1,1,1,1,0,0,0,0,0,-2,0,0,-1,-1,-1,7,1,0,0,4,1,25,-1,-1,1,0,-1,-1,1,0,1,1,2,0,2,2,1,2,1,2,2,1,2,2,2,2,2,2,0,2,2,3,-1,1,1,2,-3,10,-2,1,1,-2,-2,0
1,2,-2,2,0,14,-1,1,1,0,0,-1,-1,-2,-2,1,3,1,0,-1,1,1,1,-1,0,1,1,1,1,-1,-1,-1,0,1,-1,1,-1,3,1,-1,-4,-2,0,1,1,0,-2,1,1,-1,0,1,1,0,1,1,2,3,1,-1,1,0,2,2,2,2,0,0,-2,-1,-1,-1,7,-1,0,0,2,-1,-25,-1,3,1,0,1,-1,1,2,-1,-1,-2,-2,-2,-2,-1,-2,-1,-2,-2,-1,-2,0,0,0,0,0,-2,0,0,-3,-1,-1,-1,0,1,-10,0,-1,-1,-2,0,0
1,0,0,-2,0,4,-1,1,-1,-2,2,1,-3,0,-2,-1,3,1,0,3,-1,1,-1,1,0,-1,1,-1,-1,-1,1,-1,2,1,1,1,-1,1,1,-1,2,0,0,1,-1,0,2,-1,1,1,-2,-1,1,2,1,1,2,1,1,1,1,0,-2,0,0,2,0,2,0,1,1,1,-7,-1,2,-2,0,-1,-19,1,3,-1,0,1,1,1,0,-1,-1,-2,-2,-2,-2,-1,-2,-1,-2,-2,-1,-2,-2,-2,-2,-2,-2,-2,-2,-2,1,3,1,1,2,1,-6,4,1,1,0,-2,0
-1,2,0,-2,0,10,-1,-1,-1,2,0,1,3,0,-2,-1,3,-1,-2,3,-1,1,-1,1,2,-1,1,1,1,-1,-1,1,0,1,1,1,-1,1,1,1,4,0,0,-1,1,0,-2,1,1,1,0,1,1,0,-1,1,2,3,1,1,1,0,0,0,2,-2,0,-2,-2,1,1,-1,7,1,0,-2,2,1,25,1,1,1,0,1,1,-1,0,1,1,2,2,2,2,1,2,1,2,2,1,2,2,2,2,2,2,0,2,2,3,1,-1,1,2,-1,6,4,-1,1,-2,-2,1
-1,2,2,-2,2,4,1,1,1,0,0,-3,-3,-2,2,1,1,1,0,5,-1,-3,-3,-1,-2,1,-1,1,-1,1,-1,1,2,-1,-1,-1,1,-1,-1,-1,0,-2,2,1,-1,-2,-2,3,1,1,0,1,1,0,1,-1,0,-1,-1,-1,-1,0,0,0,0,0,2,-2,0,1,1,1,7,-1,-2,0,-2,-1,23,1,3,-1,0,1,-1,-1,0,1,1,0,0,0,0,1,0,1,0,0,1,0,2,2,2,2,2,0,2,2,1,-1,-1,1,0,1,-8,2,-1,1,0,2,1
1,0,2,-2,0,8,-1,-1,-1,2,0,-1,3,2,0,-1,3,-1,2,3,1,1,3,1,2,1,-3,1,-1,-1,-1,-1,-2,1,-1,1,-1,-1,-1,-1,4,2,-2,1,1,2,2,3,1,1,2,1,1,0,1,-1,2,3,1,-1,-1,2,0,0,0,0,0,0,0,-1,-1,1,7,1,0,2,2,1,25,1,1,1,-2,1,-1,-1,-2,1,1,2,0,2,2,1,2,1,2,2,1,2,2,2,2,2,2,2,2,2,3,5,1,1,0,-3,10,-4,1,1,-2,0,0
1,0,0,2,2,2,-1,1,1,2,0,-1,1,-2,2,1,1,-1,-2,3,-1,-1,-1,1,2,-1,1,-1,-1,-1,1,-1,0,-1,-1,-1,1,-1,-1,-1,0,-2,-2,1,-1,0,-2,1,1,1,2,1,1,0,-1,-1,2,1,1,-1,-1,-2,2,0,0,0,0,-2,-2,-1,-1,-1,-7,1,0,0,2,-1,-25,-1,1,1,-2,1,1,-1,0,-1,-1,-2,-2,-2,-2,-1,-2,-1,-2,-2,-1,-2,-2,-2,-2,-2,-2,0,-2,-2,-3,1,-1,-1,-2,-1,-10,-4,-1,-1,0,2,1
1,0,0,-2,-2,-6,1,-1,-1,-2,0,-1,1,-2,-2,-1,1,1,0,1,-1,-3,-1,1,2,1,1,-1,-1,-1,-1,1,-2,-1,-1,1,-1,-1,-1,1,0,-2,-2,1,1,0,-2,-3,-1,1,-2,-1,1,0,-1,-1,2,-1,-1,1,-1,-2,-2,0,0,0,0,0,2,1,1,-1,7,1,-2,0,4,-1,25,1,-1,-1,2,-1,-1,1,0,1,1,2,2,2,2,1,2,1,2,2,1,2,2,2,2,2,2,0,2,2,1,1,1,1,0,1,6,2,-1,-1,0,-2,1
-1,0,2,0,0,-2,-1,-1,1,0,2,1,-3,-2,2,1,-1,-1,2,3,1,1,3,1,2,1,3,-1,1,-1,1,-1,0,-1,1,-1,-1,-1,-1,1,2,2,0,-1,1,2,2,-1,-1,1,2,-1,-1,0,1,-1,2,-1,-1,1,-1,-2,2,0,0,2,0,0,0,-1,-1,-1,-7,1,0,-2,-4,-1,-25,1,1,-1,-2,1,1,1,2,-1,-1,-2,0,-2,-2,-1,-2,-1,-2,-2,-1,-2,-2,-2,-2,-2,-2,0,-2,-2,-3,-1,-1,-1,-2,-3,-8,-4,1,-1,0,2,0
-1,-2,2,-2,2,10,1,1,-1,0,0,3,3,-2,-2,-1,3,-1,2,-1,1,1,1,-1,0,1,-1,1,1,-1,-1,-1,-2,1,1,1,-1,1,-1,-1,-4,2,0,1,1,2,2,3,1,1,0,1,1,2,1,1,0,-1,1,-1,1,-2,0,0,2,2,2,-2,-2,-1,-1,-1,7,-1,-2,0,2,-1,25,1,1,-1,2,1,1,-1,2,1,1,2,0,2,2,1,2,1,2,2,1,2,2,2,2,2,2,0,2,2,1,3,1,1,0,-1,8,-2,1,-1,0,-2,0
-1,0,0,0,0,0,-1,-1,1,0,0,-1,-1,-2,-2,1,3,1,0,-1,1,-1,1,-1,2,1,-1,1,1,-1,-1,1,-2,-1,1,-1,-1,-1,1,1,-2,-2,0,-1,1,-2,-2,-1,1,1,-2,-1,-1,0,1,1,-2,-1,1,1,-1,0,2,0,2,-2,2,-2,-2,1,1,1,-7,1,-2,0,-4,-1,25,1,1,1,-2,1,-1,-1,0,1,1,0,2,0,0,1,0,1,0,0,1,0,0,0,0,0,0,0,0,0,-1,-1,-1,1,2,-3,-8,0,-1,-1,-2,0,1
1,2,2,-2,0,-2,-1,1,1,2,-2,-1,3,0,-2,-1,3,1,0,3,1,3,1,-1,0,1,-1,-1,-1,-1,1,-1,2,-1,-1,-1,-1,-1,1,1,-2,-2,0,-1,-1,0,0,-1,1,1,-2,-1,1,0,-1,-1,2,-1,1,-1,1,0,-2,0,0,2,0,0,-2,1,1,1,-7,-1,2,-2,4,-1,25,1,-3,-1,-2,-1,1,-1,0,1,1,2,2,2,2,1,2,1,2,2,1,2,0,0,0,0,0,0,0,0,1,1,1,1,2,-3,8,2,1,1,-2,-2,1
1,0,0,2,2,-8,1,1,1,0,0,-1,-3,0,-2,-1,1,1,0,-3,-1,-1,-1,1,2,1,1,1,1,1,-1,-1,0,1,1,1,-1,1,1,1,4,-2,0,-1,-1,-2,-2,-1,-1,-1,0,-1,-1,0,1,-1,-2,1,1,1,-1,0,0,0,2,-2,-2,0,0,1,1,1,-7,1,-2,-2,-2,-1,-25,1,-3,1,0,-1,1,1,-2,-1,-1,0,0,0,0,-1,0,-1,0,0,-1,0,-2,-2,-2,-2,-2,0,-2,-2,-3,3,1,-1,0,-3,10,0,-1,1,-2,-2,1
-1,0,0,0,0,12,-1,1,1,-2,0,-1,-3,-2,0,-1,1,1,0,1,1,1,1,-1,2,1,1,1,1,1,-1,-1,2,1,1,-1,-1,1,-1,-1,0,0,2,-1,1,2,-2,1,1,-1,0,1,1,2,1,-1,2,3,1,-1,1,0,2,-2,2,0,0,0,-2,1,1,-1,-7,1,-2,0,-2,1,23,1,3,1,-2,1,1,1,2,1,1,2,0,2,2,1,2,1,2,2,1,2,0,0,0,0,0,0,0,0,3,1,1,1,0,-1,10,4,-1,1,2,-2,1
1,0,-2,-2,0,-4,-1,1,1,0,0,1,1,-2,2,1,3,-1,-2,3,1,-1,1,-1,2,-1,1,-1,-1,-1,1,1,2,-1,1,1,-1,3,1,-1,0,-2,0,1,1,-2,-2,-3,1,1,0,-1,1,-2,-1,-1,2,-1,1,-1,-1,0,-2,0,0,-2,-2,0,0,1,1,-1,5,1,0,0,2,-1,-21,-1,-1,-1,-2,-1,-1,1,2,-1,-1,0,-2,0,0,-1,0,-1,0,0,-1,0,0,0,0,0,0,0,0,0,-3,1,1,-1,0,-3,10,2,-1,1,0,2,1
1,0,-2,-2,-2,10,1,-1,1,0,2,1,3,0,-2,-1,-3,1,0,1,1,1,1,-1,2,1,-1,1,-1,-1,-1,1,0,1,1,1,-1,3,1,-1,0,0,0,-1,1,0,2,1,-1,1,2,1,1,0,1,1,2,3,-1,-1,-1,2,0,-2,-2,0,2,0,0,-1,-1,1,7,1,-2,0,4,1,25,-1,1,1,0,1,1,1,0,1,1,2,0,2,2,1,2,1,2,2,1,2,2,2,2,2,2,2,2,2,3,3,1,1,2,-3,10,0,1,1,-2,-2,0
1,2,0,0,0,0,-1,-1,-1,0,0,-1,-1,0,2,1,3,1,0,5,1,1,3,1,0,1,-1,-1,1,-1,-1,1,2,-1,-1,1,-1,-1,-1,-1,2,0,-2,1,1,-2,0,1,1,1,0,-1,-1,2,-1,1,2,-1,1,-1,-1,0,-2,2,2,0,2,0,0,1,1,1,-7,-1,0,0,2,1,-25,-1,-1,-1,-2,1,-1,1,-2,-1,-1,-2,-2,-2,-2,-1,-2,-1,-2,-2,-1,-2,-2,-2,-2,-2,-2,0,-2,-2,-1,1,-1,-1,-2,-3,-10,2,-1,1,2,2,1
1,0,2,0,2,12,-1,1,1,-2,0,-1,1,-2,2,1,1,-1,0,-1,1,1,1,-1,2,1,1,1,1,-1,-1,1,0,-1,-1,1,-1,3,1,-1,0,0,0,-1,1,0,-2,3,1,-1,0,1,1,2,1,1,2,-1,1,-1,1,2,2,-2,2,-2,0,-2,0,-1,-1,1,7,1,-2,0,2,-1,21,1,1,1,-2,1,1,-1,2,1,1,2,0,2,2,1,2,1,2,2,1,2,2,2,2,2,2,0,2,2,-3,1,1,1,0,-3,10,0,-1,1,2,2,1
-1,0,2,0,0,-6,-1,-1,-1,2,-2,1,3,-2,-2,-1,1,-1,0,1,-1,1,-1,1,0,1,1,-1,-1,-1,-1,-1,0,1,1,1,-1,1,-1,-1,4,0,0,-1,-1,2,-2,-1,1,-1,-2,1,-1,-2,1,-1,0,3,1,-1,-1,-2,2,-2,0,2,0,-2,-2,-1,-1,-1,-7,-1,0,-2,0,1,-15,1,-3,1,0,-1,1,-1,2,-1,-1,2,0,2,0,-1,0,-1,0,0,-1,0,-2,-2,-2,-2,-2,-2,-2,-2,1,1,1,-1,-2,-1,10,-2,-1,1,-2,-2,1
-1,0,0,-2,0,-12,1,-1,1,0,0,1,3,0,-2,-1,3,-1,2,1,1,1,1,-1,0,1,-1,-1,-1,1,-1,1,0,-1,-1,-1,-1,-1,-1,1,0,0,0,1,-1,2,-2,-1,-1,1,0,-1,1,0,-1,-1,-2,-1,1,1,-1,0,-2,0,0,2,2,2,0,1,1,1,7,-1,-2,-2,0,-1,-23,-1,-3,1,0,-1,1,1,-2,-1,-1,0,0,0,0,-1,0,-1,0,0,-1,0,0,0,0,0,0,0,0,0,-3,3,1,-1,-2,-3,10,2,-1,1,0,-2,1
1,0,-2,-2,0,-6,1,1,-1,0,-2,-1,3,0,-2,-1,3,1,2,1,-1,1,-1,1,-2,1,-1,1,-1,1,1,-1,-2,1,-1,-1,1,-3,1,1,2,0,2,1,1,2,-2,-1,-1,1,0,-1,1,0,-1,1,0,3,1,1,-1,-2,-2,0,0,2,-2,0,-2,1,1,-1,7,-1,2,-2,2,1,25,-1,-1,1,0,1,1,1,0,1,1,0,2,0,0,1,0,1,0,0,1,0,2,2,2,2,2,2,2,2,3,-1,-1,1,2,-1,-10,2,-1,1,0,-2,0
-1,0,0,2,-2,-6,-1,-1,1,0,-2,-1,-3,-2,2,1,-3,-1,0,-1,-1,-1,-1,1,0,1,-1,1,-1,1,-1,-1,0,1,1,1,-1,3,1,-1,4,0,0,-1,-1,0,-2,1,-1,-1,0,1,-1,0,1,-1,0,3,-1,-1,-1,0,0,0,-2,0,2,0,-2,-1,-1,-1,-7,-1,-2,0,-4,-1,-25,-1,-1,1,-2,1,1,1,-2,-1,-1,-2,-2,-2,-2,-1,-2,-1,-2,-2,-1,-2,-2,-2,-2,-2,-2,-2,-2,-2,-3,-1,-1,-1,0,-3,-8,-2,-1,1,2,2,1
-1,2,0,2,0,-2,1,-1,1,0,2,-1,-3,-2,-2,-1,3,-1,2,3,1,-1,1,1,0,1,1,1,1,1,-1,-1,-2,1,-1,1,1,3,1,1,0,-2,2,1,1,0,-2,1,1,1,-2,-1,1,0,1,-1,0,3,1,1,-1,0,0,2,2,2,2,-2,0,1,1,-1,-7,-1,-2,0,-4,-1,-17,1,1,1,0,1,1,-1,2,-1,-1,2,2,2,0,-1,0,-1,0,0,-1,0,-2,-2,-2,-2,-2,-2,-2,-2,-1,3,1,-1,0,-1,8,4,-1,-1,0,-2,0
1,0,0,2,0,6,-1,1,-1,0,2,1,1,-2,-2,-1,3,-1,2,3,-1,-1,-1,1,0,1,-1,-1,-1,1,-1,1,2,-1,-1,1,-1,-1,-1,1,4,0,2,-1,-1,0,0,-1,1,1,2,1,1,0,1,-1,0,1,1,-1,1,0,2,2,0,2,4,0,2,1,1,-1,-7,-1,-2,2,2,1,-25,1,-1,1,-2,-1,1,1,0,-1,-1,-2,0,-2,-2,-1,-2,-1,-2,-2,-1,-2,-2,-2,-2,-2,-2,0,-2,-2,-1,-1,-1,-1,-2,-3,-8,2,-1,1,-2,-2,0
-1,-2,-2,-2,0,10,1,1,1,0,-2,1,3,2,2,1,1,-1,0,-3,1,1,3,1,0,1,-1,-1,-1,1,-1,-1,2,1,1,-1,1,-1,-1,-1,2,2,0,-1,1,0,0,-1,1,-1,0,1,1,2,1,1,0,1,-1,-1,1,-2,0,0,0,-2,-2,0,-2,1,1,-1,-7,-1,0,-2,2,1,-23,-1,-1,1,0,-1,-1,-1,-2,-1,-1,-2,-2,-2,-2,-1,-2,-1,-2,-2,-1,-2,-2,-2,-2,-2,-2,-2,-2,-2,1,1,-1,-1,-2,1,-10,0,-1,1,2,2,1
1,0,0,0,2,12,1,1,1,0,0,-3,-1,0,0,1,-3,1,0,-1,-1,-1,-3,-1,-2,1,3,-1,1,-1,1,1,0,1,-1,1,1,3,1,-1,-2,2,0,1,-1,0,0,-1,1,1,0,1,1,0,1,1,0,1,-1,1,1,0,2,-2,0,0,0,-2,-2,1,1,-1,7,-1,0,-2,2,-1,-25,1,3,1,2,1,1,-1,2,-1,-1,-2,-2,-2,-2,-1,-2,-1,-2,-2,-1,-2,0,0,0,0,0,-2,0,0,-1,-1,-1,-1,0,3,-10,2,-1,1,-2,2,1
-1,-2,-2,2,0,-4,-1,-1,1,0,0,-1,3,-2,-2,-1,-3,1,0,3,1,1,3,1,0,1,-1,1,1,-1,-1,-1,-2,-1,-1,1,-1,1,-1,-1,4,-2,0,1,1,-2,-2,-1,-1,1,-2,-1,1,0,1,-1,0,1,-1,1,-1,0,0,0,0,0,0,0,0,-1,-1,-1,7,-1,0,2,0,-1,-23,-1,3,1,-2,1,-1,1,0,-1,-1,0,-2,0,0,-1,0,-1,0,0,-1,0,0,0,0,0,0,-2,0,0,-3,1,1,-1,-2,-1,10,-4,-1,1,0,-2,1
-1,0,0,-2,-2,-4,1,-1,-1,2,0,1,1,-2,-2,1,3,-1,2,-5,-1,-1,-3,-1,0,1,-3,1,-1,1,-1,-1,-2,-1,-1,1,-1,-1,1,1,-2,-2,2,1,-1,0,-2,-1,-1,-1,0,-1,1,0,1,-1,0,-3,1,-1,-1,2,-2,0,0,2,-2,-2,-2,1,1,1,7,1,0,-2,0,-1,-25,1,-1,-1,0,-1,-1,-1,0,-1,-1,-2,0,-2,-2,-1,-2,-1,-2,-2,-1,-2,0,0,0,0,0,0,0,0,-3,-3,-1,-1,0,-3,-10,0,-1,1,-2,0,1
1,0,2,0,0,-14,1,1,-1,-2,0,-1,1,-2,-2,-1,1,-1,0,-3,-1,1,-1,1,2,1,1,-1,-1,-1,-1,1,0,-1,-1,1,1,1,1,-1,0,-2,0,1,-1,0,-2,-1,-1,1,-2,-1,-1,-2,-1,-1,-2,-3,1,-1,-1,-2,0,-2,0,0,0,0,2,-1,-1,-1,7,1,0,2,4,-1,25,1,1,-1,0,1,1,1,2,1,1,2,0,2,2,1,2,1,2,2,1,2,2,2,2,2,2,0,2,2,1,-1,-1,1,2,1,4,0,-1,-1,-2,-2,1
-1,0,2,2,-2,-10,-1,-1,-1,0,0,1,-1,-2,2,1,3,-1,0,1,-1,-1,-1,1,0,1,-1,1,-1,-1,-1,-1,-2,1,1,-1,-1,-1,-1,1,4,0,0,1,-1,2,-2,1,-1,1,0,-1,-1,0,-1,-1,0,3,1,-1,-1,-2,2,2,0,2,0,0,0,-1,-1,-1,-7,-1,-2,-2,-2,-1,-17,1,-3,1,0,-1,1,1,2,-1,-1,2,2,2,0,-1,0,-1,0,0,-1,0,-2,-2,-2,-2,-2,-2,-2,-2,-1,3,1,-1,-2,-1,10,0,-1,1,2,2,1
-1,0,2,2,2,10,1,1,1,-2,0,-1,-3,-2,-2,-1,1,-1,2,1,-1,1,-1,1,2,1,3,-1,1,1,1,-1,2,-1,-1,1,-1,3,1,-1,4,2,2,1,1,2,2,1,1,1,0,1,1,0,1,1,-2,-3,-1,1,1,2,2,2,2,2,0,-2,-2,1,1,1,7,1,2,0,-2,-1,-17,1,1,-1,0,1,1,-1,2,-1,-1,0,-2,0,0,-1,0,-1,0,0,-1,0,0,0,0,0,0,-2,0,0,1,1,1,1,2,-3,8,4,1,1,-2,-2,0
-1,2,0,2,-2,10,-1,-1,-1,2,0,-1,3,-2,-2,-1,1,-1,0,-1,-1,3,-1,-1,0,1,-1,1,-1,-1,1,1,-2,1,-1,1,-1,1,-1,-1,-2,-2,0,1,1,-2,-2,1,1,-1,2,1,1,0,-1,1,2,3,1,-1,1,0,2,0,0,0,0,0,2,-1,-1,-1,-7,-1,2,0,0,-1,-23,1,-1,1,0,1,1,1,2,-1,-1,0,-2,0,0,-1,0,-1,0,0,-1,0,-2,-2,-2,-2,-2,0,-2,-2,-3,1,1,-1,-2,-1,8,0,-1,1,-2,-2,0
1,2,-2,2,0,6,1,1,-1,2,0,-1,-1,0,-2,-1,1,-1,0,1,-1,-1,-1,1,0,1,1,-1,-1,1,-1,-1,-2,1,1,1,-1,1,-1,1,4,0,2,-1,1,0,-2,-1,-1,1,2,1,1,0,1,-1,2,3,-1,1,-1,2,2,2,0,0,0,0,-2,1,1,1,-7,-1,-2,-2,0,1,23,-1,1,1,0,1,1,1,2,1,1,0,2,0,0,1,0,1,0,0,1,0,0,0,0,0,0,2,0,0,3,1,-1,1,0,-3,-8,4,-1,1,-2,-2,1
1,0,0,-2,0,-10,-1,1,-1,0,0,1,-3,-2,2,1,1,1,2,1,1,1,1,-1,-2,1,1,-1,-1,-1,-1,1,0,1,1,-1,-1,-3,-1,-1,-2,0,0,-1,1,0,-2,-3,-1,1,-2,-1,-1,-2,-1,-1,0,3,-1,-1,-1,0,-2,0,0,-2,-2,0,-2,1,1,1,7,-1,-2,-2,0,1,23,1,-1,1,-2,-1,1,1,2,1,1,0,0,0,0,1,0,1,0,0,1,0,2,2,2,2,2,0,2,2,3,-5,-1,1,0,-3,-10,0,-1,1,0,2,1
1,2,0,-2,0,12,1,1,1,0,-2,3,1,2,-2,1,-3,1,2,1,-1,-3,-3,-1,-2,1,-1,1,1,1,1,1,-2,-1,1,1,-1,3,-1,1,0,-2,0,1,-1,0,-2,3,1,1,0,1,1,0,1,1,2,1,-1,1,1,0,0,-2,0,2,0,2,0,1,1,-1,7,-1,0,0,2,-1,23,-1,-3,1,2,-1,-1,1,-2,1,1,0,2,0,0,1,0,1,0,0,1,0,2,2,2,2,2,0,2,2,-1,-1,-1,1,-2,-1,-8,4,-1,1,-2,0,0
-1,0,2,2,-2,-6,-1,-1,-1,-2,0,1,1,-2,-2,-1,1,-1,0,1,1,-1,3,1,-2,1,-1,-1,-1,-1,-1,1,-2,1,1,1,-1,1,1,-1,2,0,0,1,-1,-2,2,-1,1,1,0,1,-1,0,-1,1,0,3,-1,1,-1,-2,0,2,0,-2,-2,-2,2,1,1,-1,-7,-1,-2,0,0,1,-15,1,-3,1,-2,-1,-1,-1,0,-1,-1,0,0,0,-2,-1,-2,-1,-2,-2,-1,-2,-2,-2,-2,-2,-2,-2,-2,-2,1,-1,1,-1,0,-3,-4,4,1,-1,0,-2,1
1,2,2,-2,2,14,-1,1,-1,2,2,-1,3,2,-2,-1,-1,1,0,-1,1,1,3,1,0,1,1,-1,1,1,-1,-1,2,-1,-1,1,1,1,-1,-1,4,0,0,-1,1,0,-2,1,1,-1,0,1,1,0,1,1,0,-1,1,1,1,0,0,-2,0,0,-2,2,0,-1,-1,-1,7,-1,0,-2,2,-1,-15,1,3,1,0,1,-1,1,-2,-1,-1,0,0,0,-2,-1,-2,-1,-2,-2,-1,-2,0,0,0,0,0,-2,0,0,-1,1,1,-1,-2,3,-4,0,-1,1,-2,-2,0
-1,2,2,-2,0,10,-1,1,1,0,2,-1,-3,0,-2,-1,3,1,0,1,-1,1,-1,1,2,1,1,-1,-1,-1,1,1,0,1,1,1,-1,3,-1,1,4,0,-2,1,-1,2,-2,1,1,1,0,1,1,2,1,1,2,3,1,1,1,0,0,0,0,0,2,0,0,-1,-1,1,7,1,2,0,-2,-1,23,1,-1,1,-2,-1,1,1,-2,1,1,0,2,0,0,1,0,1,0,0,1,0,2,2,2,2,2,0,2,2,1,5,1,1,0,-3,-4,0,-1,1,0,-2,0
1,0,2,2,0,-6,1,1,-1,2,0,1,1,-2,2,1,3,-1,-2,1,-1,1,1,1,2,-1,-1,-1,-1,1,-1,-1,0,1,1,-1,-1,-3,1,1,4,0,0,-1,-1,2,-2,-1,1,1,-2,-1,1,0,1,-1,2,3,1,-1,-1,-2,0,2,0,2,0,0,-2,1,1,-1,-7,1,0,-2,4,-1,-17,1,-1,1,0,-1,-1,1,-2,-1,-1,0,2,0,-2,-1,-2,-1,-2,-2,-1,-2,-2,-2,-2,-2,-2,-2,-2,-2,1,-1,-1,-1,0,-3,-8,0,-1,1,2,2,1
1,0,0,-2,0,-2,-1,1,1,-2,0,1,1,-2,-2,-1,3,1,-2,1,-1,-1,-1,1,0,-1,1,-1,-1,1,-1,1,2,-1,1,1,1,3,1,-1,4,-2,2,1,1,0,-2,-3,-1,-1,0,1,-1,0,1,-1,0,-1,1,-1,-1,-2,-2,0,0,2,2,0,0,-1,-1,-1,7,-1,-2,-2,2,-1,-23,1,-3,-1,-2,-1,1,1,2,-1,-1,-2,-2,-2,-2,-1,-2,-1,-2,-2,-1,-2,0,0,0,0,0,-2,0,0,-3,1,-1,-1,0,-1,-8,0,-1,1,-2,-2,1
-1,0,0,-2,0,8,1,-1,-1,2,0,-1,1,0,-2,-1,1,1,-2,5,1,1,1,-1,-2,-1,1,1,1,1,-1,1,2,1,-1,1,-1,1,1,1,-2,-2,2,1,1,0,-2,1,-1,1,2,1,1,0,1,-1,0,1,1,1,1,0,0,-2,2,2,0,-2,0,1,1,-1,7,-1,-2,-2,0,1,-25,1,-1,-1,2,1,1,-1,0,-1,-1,-2,0,-2,-2,-1,-2,-1,-2,-2,-1,-2,0,0,0,0,0,0,0,0,-1,-1,-1,-1,0,-1,-10,2,-1,1,-2,-2,0
1,-2,0,0,0,-2,-1,1,1,-2,2,1,1,-2,2,1,1,-1,2,1,-1,-1,-3,-1,0,1,-1,1,-1,1,-1,-1,-2,1,-1,1,-1,3,-1,1,0,0,2,-1,1,2,0,-1,1,1,-2,-1,-1,2,1,-1,2,1,-1,1,1,0,0,0,0,0,-4,-2,0,1,1,1,7,-1,0,-2,2,-1,-23,1,3,-1,0,1,-1,-1,0,-1,-1,-2,0,-2,-2,-1,-2,-1,-2,-2,-1,-2,0,0,0,0,0,-2,0,0,-3,-3,-1,-1,-2,1,-8,2,1,1,2,2,1
1,2,0,0,0,-10,1,1,-1,0,0,-3,-3,-2,-2,-1,-3,-1,-2,3,1,3,1,-1,0,-1,1,1,1,-1,1,1,2,1,-1,1,1,1,1,1,-2,-2,0,-1,1,0,-2,1,-1,1,-2,1,-1,0,-1,-1,0,3,-1,1,-1,-2,0,-2,0,0,-2,-2,0,1,1,-1,7,-1,2,-2,-2,1,-17,-1,-1,1,0,1,1,-1,0,-1,-1,2,2,2,0,-1,0,-1,0,0,-1,0,0,0,0,0,0,-2,0,0,1,-1,1,-1,0,-1,8,4,-1,1,0,-2,1
1,-2,0,-2,0,-2,1,-1,1,-2,-2,1,-3,0,-2,-1,3,-1,2,3,-1,1,1,1,2,1,1,-1,-1,-1,-1,1,0,-1,1,-1,-1,1,1,-1,4,-2,0,1,-1,0,-2,-1,1,1,2,1,-1,0,1,-1,0,1,1,-1,1,-2,-2,0,0,2,0,0,-2,-1,-1,-1,7,1,0,-2,-2,1,-25,-1,-3,1,0,-1,-1,1,2,-1,-1,0,-2,0,0,-1,0,-1,0,0,-1,0,0,0,0,0,0,0,0,0,-1,3,1,-1,0,-3,10,-2,-1,1,-2,-2,0
-1,2,-2,2,0,-12,1,-1,1,0,0,3,-1,0,-2,-1,-1,-1,2,1,1,3,1,-1,0,1,-3,1,1,1,-1,-1,-2,-1,1,1,1,3,1,1,0,0,2,1,-1,2,-2,-1,1,-1,-2,-1,-1,-2,-1,-1,0,-1,-1,-1,-1,-2,0,0,2,2,0,-2,-2,-1,-1,-1,-7,-1,0,0,2,-1,-25,-1,1,-1,2,-1,1,-1,0,-1,-1,0,0,0,0,-1,0,-1,0,0,-1,0,-2,-2,-2,-2,-2,-2,-2,-2,-1,3,1,-1,0,3,10,0,-1,1,-2,-2,1
-1,0,2,-2,2,-10,-1,1,-1,0,0,3,1,-2,2,1,-1,-1,2,-1,-1,1,-1,1,-2,1,-1,-1,1,1,-1,1,2,-1,1,1,-1,1,-1,1,4,-2,2,-1,-1,-2,-2,-1,-1,-1,0,-1,-1,0,-1,-1,-2,-1,-1,-1,1,-2,-2,0,0,-2,-2,-2,-2,-1,-1,-1,7,-1,0,-2,0,-1,-15,1,-1,1,-2,-1,1,-1,0,-1,-1,0,2,0,-2,-1,-2,-1,-2,-2,-1,-2,0,0,0,0,0,-2,0,0,-1,-3,1,-1,-2,-3,-4,-2,-1,1,2,2,1
-1,0,2,2,-2,0,1,-1,-1,-2,-2,3,1,-2,2,1,3,-1,2,-5,-1,-1,-3,-1,0,1,-1,-1,-1,1,1,-1,0,-1,1,1,-1,1,-1,1,-2,0,2,-1,1,2,-2,-1,1,-1,-2,-1,-1,2,1,1,-2,-1,1,-1,1,2,0,2,0,2,0,-2,0,1,1,1,-7,-1,0,0,2,-1,25,1,-1,1,2,-1,1,-1,0,1,1,0,2,0,0,1,0,1,0,0,1,0,0,0,0,0,0,0,0,0,1,-1,-1,1,0,1,-8,4,-1,-1,2,2,1
-1,0,2,2,0,4,-1,-1,-1,-2,0,-1,1,0,2,1,3,1,-2,1,-1,-1,-3,-1,0,-1,1,1,-1,-1,-1,-1,0,1,-1,1,1,-1,-1,-1,0,0,0,-1,1,0,2,1,1,-1,-2,1,1,2,1,1,0,3,1,1,1,-2,0,2,0,2,0,2,2,-1,-1,-1,7,-1,0,0,0,-1,-15,1,-3,1,-2,-1,-1,1,0,-1,-1,0,0,0,-2,-1,-2,-1,-2,-2,-1,-2,0,0,0,0,0,-2,0,0,-1,-1,-1,-1,-2,-1,-8,-2,1,1,2,2,0
-1,-2,0,2,0,-10,1,1,1,-2,0,1,-3,0,-2,-1,3,-1,2,-3,1,1,1,-1,-2,1,-3,-1,-1,1,1,-1,-2,-1,1,1,-1,3,-1,1,0,-2,2,1,-1,0,-2,-3,1,1,-2,-1,-1,0,-1,-1,-2,-3,1,-1,-1,0,0,2,0,2,0,-2,-2,1,1,1,7,-1,0,0,-4,-1,-25,1,1,-1,0,1,1,-1,0,-1,-1,-2,0,-2,-2,-1,-2,-1,-2,-2,-1,-2,0,0,0,0,0,-2,0,0,-3,-1,-1,-1,-2,-3,-8,2,-1,1,-2,-2,1
-1,2,2,0,0,-10,-1,-1,-1,2,2,-1,-1,-2,2,1,-1,-1,0,3,-1,1,-1,1,2,1,-1,1,1,1,1,-1,0,-1,1,-1,-1,-1,-1,-1,0,2,0,1,-1,2,2,1,1,1,-2,-1,1,0,-1,-1,0,1,-1,-1,-1,-2,0,-2,2,2,2,-2,0,-1,-1,-1,-7,1,2,0,-4,1,-17,1,-1,1,-2,-1,1,-1,-2,-1,-1,2,0,2,0,-1,0,-1,0,0,-1,0,-2,-2,-2,-2,-2,-2,-2,-2,1,1,-1,-1,-2,-3,4,0,1,-1,2,2,0
1,2,2,0,0,-4,-1,-1,-1,0,0,-1,-1,-2,-2,-1,1,-1,0,3,-1,-1,-3,-1,0,1,-3,1,1,-1,-1,1,-2,-1,-1,-1,1,-3,-1,-1,0,2,0,-1,1,2,0,1,-1,1,0,1,-1,2,1,-1,0,1,-1,-1,-1,0,2,0,2,0,0,-2,-2,-1,-1,1,7,-1,0,0,2,1,-25,1,1,1,0,1,-1,-1,0,-1,-1,-2,-2,-2,-2,-1,-2,-1,-2,-2,-1,-2,0,0,0,0,0,0,0,0,-1,-3,-1,-1,-2,1,-8,-2,-1,1,0,-2,1
-1,2,0,2,2,-4,1,1,-1,0,0,1,-1,-2,-2,-1,-1,1,0,3,1,3,1,-1,0,1,1,-1,1,1,1,-1,2,1,1,1,-1,1,1,1,0,-2,2,-1,1,-2,-2,-1,1,-1,-2,-1,-1,0,-1,-1,0,3,-1,1,-1,2,2,0,2,0,2,0,2,1,1,1,7,-1,2,2,2,1,21,-1,-1,1,2,1,1,1,0,1,1,2,2,2,2,1,2,1,2,2,1,2,2,2,2,2,2,-2,2,2,3,-1,-1,1,2,-1,6,4,-1,1,0,-2,0
1,0,0,0,2,2,-1,1,-1,0,0,-1,3,0,-2,-1,1,-1,-2,-1,-1,-1,-1,1,0,-1,1,1,1,-1,1,-1,0,1,-1,1,-1,1,-1,-1,2,0,-2,1,-1,2,-2,-1,1,1,0,1,-1,0,1,-1,0,1,1,1,-1,2,2,0,0,2,2,0,-2,-1,-1,1,-7,-1,0,0,4,1,25,1,1,1,-2,1,1,1,-2,1,1,2,0,2,2,1,2,1,2,2,1,2,0,0,0,0,0,0,0,0,3,5,1,1,0,-3,10,0,-1,-1,-2,-2,0
-1,2,-2,-2,0,-6,1,-1,1,2,0,-1,3,0,-2,-1,1,-1,0,5,1,-1,3,1,2,1,1,1,-1,-1,1,1,2,-1,-1,1,-1,3,-1,1,4,0,0,1,1,0,2,-1,1,1,-2,-1,1,0,-1,-1,2,-1,-1,1,-1,0,-2,0,0,2,2,-2,0,1,1,1,7,1,0,0,0,-1,-15,-1,1,-1,2,1,-1,-1,0,-1,-1,2,2,2,0,-1,0,-1,0,0,-1,0,0,0,0,0,0,-2,0,0,-1,1,-1,-1,-2,1,6,4,1,1,0,-2,1
1,-2,2,-2,0,-6,-1,-1,-1,0,0,-1,3,-2,-2,-1,3,1,0,1,-1,1,-1,1,-2,1,-1,-1,-1,-1,-1,1,0,-1,-1,1,-1,-1,-1,-1,4,-2,0,1,1,0,-2,-1,1,-1,-2,-1,-1,-2,-1,-1,2,-1,1,-1,-1,-2,-2,0,0,2,2,-2,0,-1,-1,-1,-7,-1,0,0,2,-1,-23,1,-1,-1,0,1,1,-1,0,-1,-1,0,-2,0,0,-1,0,-1,0,0,-1,0,-2,-2,-2,-2,-2,-2,-2,-2,-3,-3,-1,-1,-2,-1,6,-4,-1,1,-2,-2,1
-1,2,2,-2,2,-4,1,1,1,0,2,1,-1,-2,-2,-1,-1,1,2,3,1,3,1,-1,-2,1,3,1,1,-1,-1,1,2,-1,-1,1,-1,1,1,-1,0,0,0,1,1,0,-2,1,-1,-1,0,-1,1,-2,-1,1,2,-1,1,1,-1,0,-2,-2,0,0,2,-2,0,1,1,1,-7,-1,0,0,0,-1,-25,1,1,-1,2,1,1,-1,2,-1,-1,0,-2,0,0,-1,0,-1,0,0,-1,0,-2,-2,-2,-2,-2,0,-2,-2,-3,-1,1,-1,0,-1,10,2,-1,1,-2,-2,0
-1,-2,0,-2,2,-6,-1,1,-1,-2,0,-1,-1,0,-2,-1,-1,-1,0,-3,1,1,1,-1,2,1,-1,1,1,-1,-1,-1,-2,-1,-1,-1,1,-1,1,-1,-2,-2,0,-1,1,-2,-2,-1,-1,-1,-2,1,1,0,-1,-1,-2,-3,1,1,-1,-2,0,-2,0,-2,0,0,0,-1,-1,-1,-7,1,-2,0,2,1,23,1,1,-1,-2,1,1,-1,0,1,1,2,0,2,2,1,2,1,2,2,1,2,0,0,0,0,0,0,0,0,3,-1,1,1,2,1,6,-2,-1,1,0,-2,1
-1,2,0,2,0,-2,-1,-1,-1,2,0,3,3,2,-2,-1,3,-1,2,3,-1,-1,-1,1,2,1,1,1,1,1,-1,-1,0,-1,1,1,1,1,1,1,2,-2,2,1,1,-2,-2,1,1,1,0,-1,-1,-2,-1,1,0,1,1,-1,-1,0,2,2,2,-2,-4,0,2,-1,-1,-1,7,1,-2,0,0,-1,-23,-1,-3,1,0,-1,1,-1,2,-1,-1,-2,0,-2,-2,-1,-2,-1,-2,-2,-1,-2,0,0,0,0,0,-2,0,0,-3,1,-1,-1,0,1,-10,0,-1,1,-2,-2,0
-1,-2,0,-2,0,-12,1,-1,1,-2,0,-1,1,-2,-2,-1,1,-1,0,-3,-1,1,-1,1,2,1,1,-1,-1,-1,1,-1,0,-1,-1,1,1,3,-1,-1,4,0,0,-1,-1,2,-2,-1,-1,-1,0,-1,-1,-2,-1,-1,-2,-1,-1,1,-1,-2,-2,0,0,2,0,-2,2,1,1,-1,-7,1,2,0,0,-1,-23,-1,-3,1,2,-1,1,-1,0,-1,-1,-2,-2,-2,-2,-1,-2,-1,-2,-2,-1,-2,-2,-2,-2,-2,-2,-2,-2,-2,-3,-1,-1,-1,-2,1,-8,2,-1,1,-2,-2,1
1,2,2,-2,0,8,-1,1,1,0,2,-1,-1,-2,-2,-1,1,1,0,1,-1,-1,-1,1,2,1,-1,1,1,-1,1,1,0,1,-1,1,1,3,-1,1,4,0,-2,1,-1,0,-2,3,1,1,0,1,1,2,1,1,2,3,-1,-1,-1,-2,0,0,2,0,0,-2,2,-1,-1,-1,-7,1,0,0,4,-1,23,1,-1,1,-2,-1,1,-1,-2,1,1,2,2,2,2,1,2,1,2,2,1,2,0,0,0,0,0,0,0,0,1,-1,-1,1,0,-1,6,0,-1,1,0,-2,0
1,0,2,2,-2,-12,-1,-1,1,0,-2,1,-1,0,-2,-1,3,-1,0,-1,-1,1,-1,1,0,1,-1,-1,1,-1,-1,-1,-2,1,1,1,1,3,-1,1,4,-2,0,1,-1,0,0,-1,-1,-1,2,-1,-1,-2,-1,-1,0,3,1,-1,-1,-2,0,2,2,0,-2,2,-2,-1,-1,-1,7,-1,0,-2,4,-1,23,1,-1,1,-2,1,1,1,2,1,1,0,2,0,0,1,0,1,0,0,1,0,2,2,2,2,2,2,2,2,1,1,-1,1,0,-1,-8,-2,1,1,-2,-2,0
-1,-2,0,-2,2,-6,1,1,-1,0,0,-1,1,-2,-2,-1,3,-1,0,3,1,1,3,1,2,1,1,-1,1,-1,-1,-1,2,1,-1,-1,-1,-3,-1,1,2,2,0,-1,-1,0,0,-3,1,-1,-2,-1,-1,0,1,-1,0,3,1,-1,1,-2,-2,0,2,-2,0,-2,0,-1,-1,-1,7,1,0,0,2,-1,23,1,-3,1,0,-1,-1,-1,2,1,1,2,2,2,2,1,2,1,2,2,1,2,2,2,2,2,2,0,2,2,1,1,1,1,0,-3,8,-4,-1,1,-2,-2,0
1,0,0,0,0,-4,-1,-1,-1,-2,-2,-1,-1,2,2,1,-3,-1,2,1,-1,-1,-3,-1,-2,1,1,-1,1,-1,1,1,0,-1,-1,1,-1,-1,-1,1,0,0,0,-1,1,-2,0,-3,-1,-1,-2,-1,-1,2,1,-1,2,-1,-1,-1,-1,-2,2,-2,0,0,0,2,-2,-1,-1,-1,-7,-1,2,-2,0,-1,-25,1,-3,-1,0,-1,-1,1,2,-1,-1,0,0,0,0,-1,0,-1,0,0,-1,0,-2,-2,-2,-2,-2,-2,-2,-2,-3,-3,1,-1,-2,-1,8,-2,-1,1,2,2,1
1,-2,-2,-2,-2,-2,1,-1,1,-2,2,-1,-3,-2,2,1,3,-1,2,-1,-1,-1,-1,1,0,1,-1,1,-1,-1,-1,1,2,-1,-1,1,1,3,-1,-1,2,0,0,-1,-1,2,-2,-1,1,1,0,-1,1,-2,-1,1,-2,-1,1,-1,1,-2,0,0,0,2,4,0,0,-1,-1,-1,-7,-1,0,0,-2,1,-17,-1,3,1,2,1,-1,1,0,-1,-1,2,0,2,0,-1,0,-1,0,0,-1,0,-2,-2,-2,-2,-2,-2,-2,-2,1,-1,-1,-1,-2,3,4,-2,-1,1,0,2,1
-1,2,0,-2,0,-8,-1,-1,1,2,-2,-1,3,2,2,1,3,-1,0,3,-1,-3,-3,-1,0,1,1,1,-1,1,1,1,0,1,-1,1,-1,3,-1,1,0,0,2,1,-1,2,0,-1,-1,1,0,1,-1,0,-1,-1,0,3,1,-1,1,-2,-2,0,0,2,4,2,0,-1,-1,-1,7,-1,0,2,0,-1,25,1,-3,1,-2,-1,-1,1,2,1,1,2,2,2,2,1,2,1,2,2,1,2,2,2,2,2,2,0,2,2,-1,3,-1,1,0,-3,6,0,1,1,2,2,0
1,0,-2,-2,2,-4,-1,1,-1,0,-2,1,3,-2,-2,1,-3,-1,2,-1,-1,-1,-1,1,0,1,-1,-1,1,-1,-1,-1,-2,-1,-1,-1,-1,-3,1,1,4,-2,0,-1,-1,-2,-2,-3,-1,1,0,1,-1,0,1,-1,-2,-3,-1,-1,-1,-2,0,-2,0,0,2,-2,-2,-1,-1,-1,-7,-1,-2,0,4,1,25,-1,-3,-1,-2,-1,1,-1,2,1,1,0,2,0,0,1,0,1,0,0,1,0,0,0,0,0,0,0,0,0,3,-1,-1,1,2,-3,-8,-2,-1,1,-2,0,1
-1,2,-2,-2,0,12,-1,-1,-1,0,0,-1,-1,0,-2,1,-1,-1,0,3,-1,1,-1,1,2,1,1,1,-1,1,1,1,2,-1,-1,1,-1,1,1,-1,2,0,0,1,1,2,-2,1,1,-1,2,1,1,0,1,1,2,1,1,-1,1,0,0,-2,-2,0,-2,2,-2,1,1,-1,7,1,2,-2,2,-1,23,-1,-1,1,-2,-1,1,1,0,1,1,2,0,2,2,1,2,1,2,2,1,2,2,2,2,2,2,2,2,2,1,1,1,1,2,-3,8,4,-1,1,-2,0,1
1,0,-2,-2,0,-6,1,-1,1,0,0,1,1,-2,2,1,1,-1,2,3,-1,1,-1,1,0,1,3,1,1,-1,-1,1,0,-1,-1,1,-1,3,1,-1,4,0,0,-1,-1,0,-2,-1,-1,1,0,-1,1,0,1,1,0,-1,-1,1,-1,-2,-2,0,2,0,2,0,-2,1,1,-1,-7,-1,0,-2,4,-1,23,-1,-1,-1,0,-1,1,1,2,1,1,2,0,2,2,1,2,1,2,2,1,2,0,0,0,0,0,0,0,0,1,1,1,1,2,-3,10,4,-1,1,2,2,1
1,0,0,2,2,-4,-1,1,1,0,-2,-1,-1,-2,2,1,3,-1,0,-1,1,3,1,-1,2,1,1,1,-1,1,1,-1,0,1,1,1,1,3,-1,-1,-4,0,2,1,-1,2,-2,-1,1,-1,-2,-1,1,0,1,1,-2,1,1,1,1,-2,0,2,0,2,2,-2,0,-1,-1,-1,-7,1,2,2,-2,1,-17,1,1,1,0,1,1,-1,2,-1,-1,2,0,2,0,-1,0,-1,0,0,-1,0,-2,-2,-2,-2,-2,-2,-2,-2,1,3,1,-1,-2,3,8,0,-1,-1,2,2,0
1,-2,2,-2,0,8,1,-1,-1,-2,2,-1,-3,-2,-2,1,3,-1,0,3,-1,-1,-1,1,-2,1,-1,1,-1,-1,1,1,-2,1,1,1,-1,1,1,1,2,0,0,-1,-1,2,-2,3,1,1,0,1,1,0,1,-1,2,3,1,1,1,0,0,0,0,2,2,-2,0,1,1,-1,-7,-1,0,0,0,1,-13,1,-1,1,0,-1,1,-1,0,-1,-1,2,2,2,0,-1,0,-1,0,0,-1,0,-2,-2,-2,-2,-2,-2,-2,-2,3,-5,-1,1,2,-3,4,2,-1,1,-2,0,1
-1,-2,0,-2,0,-8,-1,1,-1,-2,2,-3,-3,-2,2,1,-1,-1,0,-5,-1,-1,-3,-1,0,1,1,-1,-1,1,-1,-1,0,-1,-1,1,1,-1,1,-1,-2,0,2,1,-1,2,-2,-1,-1,-1,-2,-1,-1,-2,1,-1,-2,-1,1,1,-1,0,0,-2,-2,0,-2,-2,2,-1,-1,1,7,-1,0,2,-2,-1,23,1,1,1,-2,-1,-1,-1,0,1,1,2,0,2,2,1,2,1,2,2,1,2,2,2,2,2,2,0,2,2,1,1,1,1,2,1,8,-4,-1,1,0,2,1
-1,2,-2,0,0,-4,-1,-1,1,2,0,-1,-1,0,2,1,3,-1,0,5,1,-1,3,1,-2,1,1,-1,1,-1,1,1,2,1,1,1,-1,1,-1,-1,2,0,0,1,-1,0,-2,-3,1,1,-2,-1,1,0,1,1,0,3,1,-1,-1,0,0,0,2,-2,0,-2,-2,1,1,-1,-7,-1,0,0,-4,-1,-25,-1,-1,1,0,-1,-1,-1,2,-1,-1,-2,-2,-2,-2,-1,-2,-1,-2,-2,-1,-2,-2,-2,-2,-2,-2,-2,-2,-2,-3,1,1,-1,-2,-1,-4,2,-1,-1,2,2,1
-1,0,0,0,2,-10,1,1,-1,0,0,-1,1,-2,2,1,3,-1,0,5,-1,-3,-3,-1,0,1,-3,1,-1,1,-1,-1,0,-1,-1,-1,1,-3,1,-1,0,-2,2,-1,-1,-2,-2,-1,-1,1,-2,-1,-1,-2,1,1,0,-1,1,-1,-1,0,0,0,0,-2,-2,0,0,-1,-1,1,-7,-1,-2,-2,2,-1,25,1,-3,-1,0,-1,-1,1,0,1,1,0,0,0,0,1,0,1,0,0,1,0,0,0,0,0,0,0,0,0,1,-1,-1,1,2,-1,-8,-4,-1,1,0,2,1
-1,0,0,0,2,-4,-1,1,-1,0,0,1,-1,2,2,1,3,1,2,1,1,1,1,-1,2,1,-1,-1,1,1,1,-1,0,1,-1,-1,-1,-3,-1,-1,0,2,2,1,1,0,2,-3,-1,-1,0,-1,-1,0,-1,-1,2,1,1,-1,-1,2,2,0,2,0,-2,2,0,-1,-1,1,-7,1,0,-2,0,-1,-25,1,-3,-1,-2,-1,1,1,0,-1,-1,-2,-2,-2,-2,-1,-2,-1,-2,-2,-1,-2,-2,-2,-2,-2,-2,0,-2,-2,-3,1,-1,-1,-2,-3,-8,-4,1,1,2,2,0
1,0,2,0,-2,-6,-1,-1,1,2,-2,3,3,0,-2,-1,-1,-1,2,1,1,1,1,-1,2,1,1,-1,1,1,-1,1,2,-1,1,1,-1,1,-1,1,0,-2,2,-1,-1,-2,-2,-1,-1,-1,-2,1,-1,0,-1,-1,0,1,-1,-1,-1,0,2,-2,2,0,2,0,-2,1,1,-1,7,1,-2,-2,4,-1,25,1,-1,1,-2,-1,1,-1,2,1,1,2,2,2,2,1,2,1,2,2,1,2,2,2,2,2,2,0,2,2,1,1,1,1,0,-1,10,0,-1,1,-2,-2,1
-1,0,0,-2,0,-12,-1,-1,-1,0,2,-1,-1,-2,-2,-1,1,-1,0,-3,-1,1,-1,1,2,1,-3,-1,-1,1,-1,-1,-2,1,-1,1,1,1,-1,1,2,0,2,1,-1,-2,0,-3,-1,-1,-2,-1,1,-2,-1,-1,-2,1,-1,-1,-1,-2,-2,0,0,0,0,0,0,1,1,-1,-7,1,0,0,0,1,-25,1,1,1,-2,1,1,1,0,-1,-1,-2,0,-2,-2,-1,-2,-1,-2,-2,-1,-2,-2,-2,-2,-2,-2,-2,-2,-2,-1,-1,-1,-1,-2,-1,-10,2,-1,1,-2,-2,1
-1,2,2,-2,2,-6,1,1,1,0,0,1,1,-2,-2,1,3,-1,0,1,1,3,3,1,0,1,3,-1,1,-1,1,1,0,-1,1,1,1,3,1,1,0,2,0,1,1,2,2,-1,-1,-1,-2,-1,-1,0,1,-1,2,-1,1,1,-1,-2,-2,0,2,2,4,0,-2,-1,-1,-1,7,-1,2,0,0,1,-15,1,1,-1,2,1,1,1,2,-1,-1,2,2,2,0,-1,0,-1,0,0,-1,0,0,0,0,0,0,-2,0,0,1,3,1,-1,0,1,8,0,1,-1,-2,0,0
-1,0,2,-2,0,0,-1,-1,1,0,2,-1,1,0,2,1,3,1,-2,3,1,3,1,-1,-2,-1,-1,-1,-1,1,-1,1,0,1,-1,1,1,3,1,1,-4,2,2,1,-1,0,0,-1,1,1,0,-1,1,2,1,-1,0,3,1,-1,-1,0,0,0,0,0,4,-2,2,-1,-1,1,7,-1,0,2,2,-1,23,1,1,1,-2,1,1,-1,0,1,1,2,2,2,2,1,2,1,2,2,1,2,2,2,2,2,2,0,2,2,1,1,-1,1,2,-1,4,0,-1,-1,2,2,0
-1,-2,0,-2,0,10,1,-1,1,-2,0,1,1,0,-2,-1,1,-1,2,5,1,3,1,1,2,1,1,-1,1,-1,1,-1,2,1,-1,1,1,3,1,1,2,0,0,-1,1,0,0,-1,1,1,0,1,1,0,-1,1,2,3,1,-1,1,0,0,-2,2,0,0,0,0,1,1,-1,-7,1,2,0,0,-1,-23,1,-3,1,0,-1,1,-1,2,-1,-1,0,0,0,0,-1,0,-1,0,0,-1,0,-2,-2,-2,-2,-2,-2,-2,-2,-3,-1,1,-1,0,-1,10,2,1,1,-2,-2,1
-1,0,0,-2,-2,-10,-1,-1,-1,0,-2,-1,1,-2,2,1,-3,-1,-2,3,-1,-1,-3,-1,2,-1,-1,-1,1,1,1,1,0,-1,-1,-1,-1,-1,-1,1,0,0,0,-1,-1,2,0,-1,1,1,0,-1,-1,0,-1,-1,0,1,-1,1,-1,-2,-2,-2,0,2,2,-2,-2,1,1,-1,-7,1,0,-2,2,-1,23,-1,-3,1,0,-1,1,-1,-2,1,1,0,2,0,0,1,0,1,0,0,1,0,0,0,0,0,0,0,0,0,1,1,-1,1,0,-1,-6,4,1,1,2,2,1
-1,-2,-2,0,0,4,1,-1,-1,0,-2,-1,3,-2,-2,-1,3,-1,0,5,1,3,1,-1,-2,1,1,1,-1,1,1,1,2,-1,-1,1,1,-1,1,-1,-4,-2,2,1,-1,0,-2,1,1,1,0,1,1,2,-1,-1,0,-1,1,1,1,0,2,0,0,2,2,0,-2,-1,-1,-1,7,-1,2,0,2,-1,25,-1,1,-1,2,1,1,1,0,1,1,2,0,2,2,1,2,1,2,2,1,2,2,2,2,2,2,0,2,2,1,-3,-1,1,2,3,4,-4,-1,-1,0,-2,1
1,2,0,-2,2,2,-1,1,-1,2,2,3,3,-2,2,-1,1,-1,2,3,-1,-3,-1,1,2,1,1,-1,1,-1,1,1,2,1,1,1,-1,1,1,-1,0,-2,-2,-1,1,0,-2,-1,1,-1,-2,1,1,2,1,-1,2,1,-1,-1,-1,2,-2,0,2,2,2,-2,0,1,1,1,7,1,0,-2,4,-1,25,-1,1,-1,-2,1,-1,-1,0,1,1,0,0,0,0,1,0,1,0,0,1,0,2,2,2,2,2,0,2,2,1,-1,-1,1,2,-3,-10,4,-1,-1,2,0,1
1,2,2,2,0,-10,-1,1,1,0,0,1,1,0,2,1,-1,1,0,-1,-1,-1,-1,1,-2,1,-1,1,1,-1,-1,-1,-2,1,1,1,-1,3,1,-1,4,0,0,1,-1,2,-2,1,-1,-1,0,-1,-1,-2,-1,-1,0,3,-1,1,-1,-2,0,2,0,0,-2,0,-2,-1,-1,-1,7,-1,-2,-2,4,1,25,1,-1,1,-2,-1,1,1,0,1,1,0,0,0,0,1,0,1,0,0,1,0,2,2,2,2,2,0,2,2,3,1,-1,1,2,-3,-8,0,-1,1,0,2,0
1,2,2,0,2,14,-1,1,1,2,2,1,3,-2,2,1,-1,1,-2,5,-1,-1,-1,1,2,-1,1,1,-1,1,-1,-1,2,-1,1,1,1,3,-1,1,2,-2,2,1,1,0,0,3,1,1,2,1,1,0,1,1,2,1,-1,1,1,0,2,0,-2,0,-4,-2,2,-1,-1,-1,7,1,-2,0,2,-1,-15,1,3,1,0,1,1,-1,0,-1,-1,2,2,2,0,-1,0,-1,0,0,-1,0,0,0,0,0,0,0,0,0,-1,-1,-1,-1,-2,3,4,0,1,1,0,2,0
1,2,2,0,0,10,1,-1,1,2,-2,-1,3,0,2,-1,-1,1,0,5,1,3,1,-1,0,1,3,1,-1,1,-1,1,2,1,-1,-1,-1,1,1,1,0,-2,0,-1,1,0,0,3,-1,1,0,1,1,2,1,1,2,3,-1,1,-1,2,2,0,-2,2,2,0,-2,-1,-1,1,-7,-1,0,-2,2,-1,-23,1,-1,1,0,1,1,1,0,-1,-1,0,0,0,0,-1,0,-1,0,0,-1,0,-2,-2,-2,-2,-2,-2,-2,-2,-3,1,-1,-1,0,-3,6,0,1,1,2,0,0
-1,2,0,2,0,4,-1,-1,1,2,2,1,3,-2,-2,-1,3,-1,0,1,-1,1,-1,1,0,1,1,-1,1,-1,-1,1,0,1,1,1,1,3,-1,1,4,0,-2,-1,1,0,-2,-1,-1,-1,0,1,1,0,-1,1,2,3,1,1,-1,0,2,2,2,-2,2,-2,0,-1,-1,1,-7,-1,0,0,0,1,-23,1,-1,1,-2,-1,1,-1,-2,-1,-1,0,0,0,0,-1,0,-1,0,0,-1,0,-2,-2,-2,-2,-2,-2,-2,-2,-1,1,1,-1,-2,-1,10,0,-1,1,-2,-2,1
1,0,2,-2,0,-8,-1,-1,-1,-2,0,-1,-3,-2,2,1,3,-1,2,5,1,1,3,1,0,1,-3,-1,-1,-1,-1,1,0,1,-1,-1,-1,-1,1,1,2,-2,0,-1,-1,0,-2,-1,-1,1,0,1,-1,0,1,-1,0,3,1,-1,-1,0,-2,0,0,0,-2,0,0,-1,-1,1,7,-1,0,-2,-2,-1,-25,1,-3,1,-2,-1,-1,1,0,-1,-1,0,0,0,0,-1,0,-1,0,0,-1,0,0,0,0,0,0,0,0,0,-3,-1,1,-1,0,-3,8,0,-1,1,0,2,1
1,0,0,0,0,-8,1,1,1,2,0,1,3,0,2,-1,1,1,0,-1,-1,-1,-1,1,2,1,-3,1,-1,1,-1,-1,-2,-1,1,1,-1,1,1,-1,4,-2,2,1,-1,0,-2,1,-1,-1,-2,1,-1,-2,-1,-1,0,1,-1,-1,-1,-2,2,0,0,2,0,-2,-2,-1,-1,-1,7,1,-2,0,4,-1,25,-1,3,1,2,1,1,-1,0,1,1,0,0,0,0,1,0,1,0,0,1,0,2,2,2,2,2,0,2,2,1,3,1,1,2,1,-4,-4,-1,1,0,0,0
1,-2,0,-2,0,12,1,-1,1,-2,0,-1,-3,-2,2,1,-3,1,0,-3,1,1,1,-1,2,1,1,-1,-1,-1,-1,-1,-2,1,1,1,-1,3,-1,-1,0,-2,0,-1,1,0,-2,-1,-1,-1,0,1,1,0,1,1,0,1,-1,1,1,2,0,-2,-2,2,-2,-2,0,1,1,1,7,1,-2,0,0,1,23,1,-1,1,2,-1,1,-1,2,1,1,0,0,0,0,1,0,1,0,0,1,0,2,2,2,2,2,0,2,2,3,-3,-1,1,0,-1,-8,2,-1,1,0,2,1
1,-2,2,2,2,12,1,1,1,-2,0,3,1,0,-2,1,-1,-1,2,3,1,1,1,1,-2,1,1,1,-1,-1,-1,1,0,1,1,1,-1,1,-1,1,4,2,0,1,1,2,0,3,1,1,0,1,1,0,1,1,2,3,1,-1,1,0,2,0,-2,2,2,-2,0,-1,-1,-1,-7,-1,0,0,2,1,13,1,-1,1,2,1,1,-1,2,1,1,2,2,2,2,1,2,1,2,2,1,2,0,0,0,0,0,-2,-2,-2,-1,1,1,-1,-2,-1,10,-4,-1,1,-2,0,0
1,-2,0,0,0,10,-1,-1,1,0,0,-3,-1,-2,-2,-1,3,-1,0,5,-1,-1,-1,1,0,1,-1,-1,-1,-1,-1,-1,0,-1,-1,1,-1,1,-1,1,4,0,0,-1,1,2,-2,-1,1,1,0,1,1,0,1,1,2,1,1,-1,-1,0,2,0,0,0,-4,0,0,-1,-1,-1,-7,-1,-2,-2,-2,1,-17,1,1,1,-2,1,1,1,2,-1,-1,0,2,0,-2,-1,-2,-1,-2,-2,-1,-2,-2,-2,-2,-2,-2,-2,-2,-2,1,-3,-1,-1,-2,-1,-8,-4,-1,1,-2,-2,1
1,0,2,2,2,12,-1,1,-1,0,0,1,3,-2,-2,1,1,1,0,3,1,-1,3,1,2,1,1,1,-1,1,-1,-1,2,-1,1,1,1,-1,-1,-1,4,0,2,1,-1,0,2,3,1,-1,0,1,1,0,1,1,2,-1,1,1,1,0,2,0,0,2,0,0,0,-1,-1,-1,-7,1,-2,0,2,-1,-17,1,1,-1,-2,1,-1,1,0,-1,-1,0,-2,0,0,-1,0,-1,0,0,-1,0,-2,-2,-2,-2,-2,-2,-2,-2,-1,1,-1,1,0,-1,6,-2,1,1,-2,0,0
1,-2,2,2,0,2,-1,1,1,-2,2,-1,-3,0,-2,-1,3,1,0,-3,-1,-1,-1,1,-2,1,1,-1,-1,1,-1,1,0,-1,1,1,1,1,1,1,2,-2,0,1,1,-2,-2,-1,1,1,-2,-1,1,0,1,1,0,-3,1,1,-1,-2,0,2,0,-2,0,0,0,-1,-1,-1,-7,-1,-2,0,-2,-1,-25,1,1,-1,-2,-1,1,1,-2,-1,-1,0,0,0,0,-1,0,-1,0,0,-1,0,-2,-2,-2,-2,-2,-2,-2,-2,-3,-1,1,-1,0,1,6,-4,-1,1,-2,-2,1
-1,0,2,-2,0,-8,-1,-1,-1,0,0,1,3,0,2,1,-3,-1,2,-3,1,1,1,-1,-2,1,-3,-1,-1,-1,-1,1,-2,-1,-1,-1,1,-3,-1,-1,-2,-2,0,-1,-1,-2,-2,-1,-1,-1,2,1,-1,0,1,-1,-2,-3,-1,-1,-1,0,-2,-2,-2,0,2,0,-2,-1,-1,1,-7,-1,-2,0,2,1,25,1,1,-1,0,1,1,1,0,1,1,0,0,0,0,1,0,1,0,0,1,0,0,0,0,0,0,2,0,0,3,-3,-1,1,0,1,-10,-2,-1,1,2,2,1
-1,2,0,2,0,-2,1,-1,-1,0,-2,1,-3,-2,-2,-1,-3,-1,2,-1,1,3,3,1,2,1,3,-1,-1,-1,-1,1,0,1,-1,-1,-1,-3,-1,1,0,0,-2,-1,-1,2,-2,-3,1,1,0,-1,1,2,1,1,-2,1,-1,1,-1,0,0,0,-2,0,0,-2,-2,-1,-1,-1,7,1,0,0,0,1,23,1,-3,1,0,-1,1,-1,0,1,1,2,2,2,2,1,2,1,2,2,1,2,2,2,2,2,2,2,2,2,3,-3,-1,1,0,-3,4,-2,-1,-1,0,-2,1
1,0,0,2,0,8,-1,1,-1,-2,0,-1,-1,-2,2,1,3,-1,-2,3,1,3,1,-1,0,-1,-1,1,-1,1,1,1,0,-1,-1,1,-1,-1,-1,1,-2,0,2,-1,1,0,0,1,-1,1,0,1,1,0,1,1,0,1,1,-1,1,2,2,2,0,-2,0,-2,0,1,1,1,-7,-1,2,-2,4,-1,23,1,-1,1,-2,1,1,-1,2,1,1,2,2,2,2,1,2,1,2,2,1,2,0,0,0,0,0,0,0,0,1,1,1,1,0,-3,8,2,1,1,0,2,1
1,0,0,-2,0,-10,-1,1,-1,2,-2,-1,1,-2,2,1,-3,-1,-2,1,1,3,1,-1,-2,-1,-1,1,-1,1,-1,1,-2,-1,-1,-1,-1,-1,-1,-1,0,0,2,-1,-1,0,-2,-1,1,1,-2,-1,-1,0,-1,-1,2,-1,-1,-1,-1,0,-2,-2,-2,0,0,0,-2,-1,-1,1,7,-1,0,-2,4,1,-17,1,-1,-1,-2,1,1,1,2,-1,-1,0,0,0,-2,-1,-2,-1,-2,-2,-1,-2,0,0,0,0,0,-2,0,0,3,-3,1,-1,-2,-3,-4,-2,-1,1,2,2,1
-1,-2,2,2,-2,-14,1,-1,-1,0,-2,-3,-1,2,2,1,3,-1,0,-1,-1,1,-3,-1,-2,1,-1,-1,-1,-1,1,1,-2,1,-1,1,1,-1,-1,-1,-4,0,0,1,-1,0,-2,-1,-1,-1,0,-1,-1,0,-1,-1,0,1,1,-1,-1,0,0,2,0,0,2,2,-2,-1,-1,1,-7,-1,2,-2,-4,1,-17,1,1,-1,0,1,1,1,2,-1,-1,2,0,2,0,-1,0,-1,0,0,-1,0,-2,-2,-2,-2,-2,0,-2,-2,1,1,-1,-1,-2,1,4,-4,-1,-1,2,2,1
1,0,0,-2,0,8,-1,-1,1,0,0,1,1,2,2,1,3,-1,0,3,1,1,1,-1,0,1,-1,-1,1,-1,-1,1,2,1,1,1,-1,3,1,-1,0,0,-2,-1,1,-2,2,1,1,-1,0,1,1,2,1,1,0,1,1,-1,-1,2,0,0,2,0,2,0,-2,-1,-1,1,-7,-1,-2,-2,2,-1,-23,-1,1,-1,-2,-1,1,-1,-2,-1,-1,-2,-2,-2,-2,-1,-2,-1,-2,-2,-1,-2,-2,-2,-2,-2,-2,-2,-2,-2,-3,1,-1,-1,0,-1,-8,-2,1,1,2,2,1
1,2,2,-2,0,-2,-1,-1,1,2,2,1,3,-2,-2,-1,3,1,0,3,1,1,1,-1,2,1,-1,-1,1,1,-1,1,-2,-1,1,1,1,3,1,1,0,-2,0,1,-1,0,-2,-1,-1,1,0,-1,1,0,1,1,2,-1,1,-1,-1,-2,-2,0,2,2,2,-2,0,1,1,-1,-7,1,-2,-2,4,1,25,1,1,-1,0,-1,1,-1,0,1,1,2,2,2,2,1,2,1,2,2,1,2,0,0,0,0,0,2,0,0,3,1,-1,1,2,3,6,4,-1,1,-2,-2,0
1,0,0,-2,0,8,1,-1,1,0,2,1,1,-2,-2,-1,3,1,2,3,-1,-1,-1,1,0,1,1,-1,1,-1,1,-1,0,1,-1,1,-1,3,1,-1,4,0,0,-1,1,2,0,1,-1,1,0,1,1,0,1,-1,2,3,1,-1,-1,0,0,0,2,2,2,-2,2,1,1,-1,-7,-1,0,2,4,-1,23,-1,-1,1,0,-1,1,-1,2,1,1,2,0,2,2,1,2,1,2,2,1,2,0,0,0,0,0,0,0,0,1,1,1,1,2,-3,10,4,1,1,-2,-2,0
1,0,2,0,0,0,1,1,-1,0,0,1,-3,2,2,1,-1,1,2,3,1,3,1,-1,0,1,-1,1,-1,1,1,1,0,1,1,-1,1,-1,-1,-1,0,-2,0,1,-1,-2,0,1,-1,1,-2,1,1,0,1,-1,0,3,-1,1,-1,2,2,0,-2,0,2,2,0,-1,-1,1,-7,-1,2,2,0,-1,23,1,3,1,2,1,1,1,-2,1,1,0,0,0,0,1,0,1,0,0,1,0,0,0,0,0,0,0,0,0,1,3,1,1,0,3,-4,-2,1,1,0,2,0
1,0,0,0,0,-4,1,-1,-1,2,0,1,1,0,-2,-1,-3,1,2,-3,-1,-1,-3,-1,0,1,3,-1,-1,1,-1,-1,0,-1,-1,1,1,1,1,1,-4,-2,0,1,-1,0,0,-3,-1,-1,2,-1,-1,0,1,-1,-2,-1,-1,1,-1,-2,2,-2,-2,2,2,0,0,1,1,-1,7,-1,-2,0,4,-1,23,1,-1,1,0,1,1,-1,0,1,1,2,2,2,2,1,2,1,2,2,1,2,2,2,2,2,2,2,2,2,1,3,1,1,2,-1,8,2,1,-1,-2,-2,0
-1,0,2,-2,-2,12,-1,-1,-1,-2,-2,1,1,-2,2,1,3,-1,2,-1,-1,-1,-1,1,-2,1,-1,-1,-1,-1,1,1,-2,1,-1,-1,1,-3,-1,-1,2,0,-2,1,1,-2,0,1,1,-1,2,1,1,0,1,1,2,3,1,-1,1,0,0,0,0,-2,0,-2,0,1,1,-1,-7,-1,0,0,2,-1,25,1,-3,1,0,-1,1,-1,0,1,1,2,0,2,2,1,2,1,2,2,1,2,0,0,0,0,0,2,0,0,1,-1,-1,1,0,1,4,2,-1,1,0,2,1
1,0,2,-2,0,4,-1,1,-1,0,-2,-3,-3,-2,-2,-1,3,-1,0,3,1,1,3,1,0,1,1,-1,-1,1,1,1,2,1,-1,-1,1,-1,-1,1,2,0,0,-1,-1,2,-2,1,-1,1,0,1,1,2,-1,1,2,3,1,1,-1,0,0,0,0,0,-2,0,0,-1,-1,-1,7,-1,2,0,0,-1,23,1,1,1,0,1,-1,1,-2,1,1,0,2,0,0,1,0,1,0,0,1,0,2,2,2,2,2,0,2,2,1,-3,-1,1,0,3,-8,-2,-1,-1,0,-2,1
1,2,-2,0,-2,-14,-1,-1,1,2,-2,1,1,-2,-2,-1,3,-1,0,1,-1,-1,-3,-1,2,1,1,1,1,1,1,1,-2,1,1,1,-1,1,1,-1,-2,0,0,-1,-1,2,0,-1,-1,1,0,-1,-1,0,-1,-1,0,3,1,1,-1,-2,-2,2,2,2,2,-2,0,-1,-1,-1,-7,1,2,0,4,1,23,-1,-3,1,-2,-1,-1,-1,0,1,1,2,0,2,2,1,2,1,2,2,1,2,0,0,0,0,0,2,0,0,3,-1,-1,1,2,-3,4,-2,1,1,0,-2,0
-1,2,-2,-2,0,-2,-1,1,-1,0,-2,-1,1,-2,-2,-1,3,-1,0,1,-1,-1,-3,-1,-2,1,1,1,-1,1,-1,-1,0,-1,-1,-1,-1,-3,-1,-1,-4,0,2,-1,-1,-2,2,1,1,1,-2,1,-1,2,1,-1,2,-1,1,-1,-1,0,-2,0,0,-2,-2,-2,-2,1,1,1,7,-1,-2,0,0,-1,-23,-1,-1,-1,-2,1,1,-1,2,-1,-1,0,-2,0,0,-1,0,-1,0,0,-1,0,0,0,0,0,0,-2,0,0,-3,-5,-1,-1,-2,-3,4,2,1,-1,0,-2,1
-1,2,0,-2,0,-14,1,-1,-1,2,-2,-1,-1,2,-2,-1,1,-1,0,-3,-1,1,-1,1,-2,1,-1,1,1,1,1,1,0,-1,1,-1,-1,-3,-1,-1,4,-2,0,-1,-1,-2,-2,1,-1,-1,0,-1,-1,0,-1,-1,-2,-1,-1,-1,-1,-2,-2,0,2,0,4,0,0,1,1,-1,-7,-1,2,2,-4,-1,-25,-1,1,1,2,1,1,-1,-2,-1,-1,0,-2,0,0,-1,0,-1,0,0,-1,0,-2,-2,-2,-2,-2,0,-2,-2,-3,-1,-1,-1,-2,1,6,2,-1,1,0,-2,1
-1,0,2,-2,0,-8,-1,-1,1,2,0,3,3,-2,-2,-1,-3,-1,0,3,-1,1,-1,1,2,-1,-1,1,1,1,1,1,0,-1,1,1,1,1,-1,-1,0,-2,2,1,-1,0,-2,1,1,-1,-2,-1,1,0,-1,-1,2,-1,-1,1,-1,-2,-2,-2,0,2,4,-2,-2,-1,-1,-1,-7,1,2,0,0,-1,-15,1,-1,-1,0,-1,1,-1,0,-1,-1,2,0,2,0,-1,0,-1,0,0,-1,0,-2,-2,-2,-2,-2,-2,-2,-2,-1,3,1,-1,-2,1,8,-4,-1,-1,0,-2,1
1,0,2,-2,0,-2,1,-1,1,0,0,-3,-1,2,2,1,3,-1,0,3,1,3,1,-1,2,1,3,1,1,-1,1,1,2,1,-1,1,-1,3,-1,-1,0,0,-2,1,1,2,-2,1,1,-1,-2,-1,1,0,1,1,0,3,1,1,-1,-2,-2,0,2,2,0,2,2,1,1,-1,7,1,2,0,-2,-1,-17,1,-1,1,0,1,1,1,0,-1,-1,0,0,0,-2,-1,-2,-1,-2,-2,-1,-2,0,0,0,0,0,-2,0,0,-1,3,1,-1,-2,-3,-4,4,-1,1,0,2,0
1,0,2,2,-2,0,1,-1,1,-2,2,3,1,2,2,1,3,-1,2,1,-1,1,-3,-1,0,1,1,-1,1,-1,1,-1,0,-1,1,1,-1,3,-1,-1,-2,2,0,1,1,0,2,-1,1,1,-2,-1,1,2,1,-1,0,1,1,-1,1,2,0,2,2,-2,-2,0,0,1,1,1,7,-1,2,0,4,-1,25,1,1,1,2,-1,1,-1,2,1,1,0,0,0,0,1,0,1,0,0,1,0,2,2,2,2,2,0,2,2,1,3,1,1,0,1,-4,4,1,-1,2,2,0
-1,0,2,0,0,12,1,1,1,2,2,-1,1,-2,-2,-1,-1,-1,-2,-1,1,3,1,-1,0,-1,1,-1,-1,1,-1,-1,0,1,-1,-1,-1,-1,-1,-1,0,0,2,-1,1,2,-2,1,1,-1,0,1,1,0,1,1,2,3,1,-1,1,0,2,-2,-2,0,0,-2,0,-1,-1,-1,-7,-1,0,0,2,-1,23,1,1,1,2,1,1,-1,2,1,1,2,0,2,2,1,2,1,2,2,1,2,0,0,0,0,0,0,0,0,1,1,1,1,0,-1,10,-4,-1,1,-2,-2,0
-1,0,0,0,-2,-2,1,-1,1,-2,0,-1,-3,-2,2,-1,3,1,0,3,-1,-1,-1,1,0,1,-1,-1,1,1,-1,1,0,1,1,1,1,3,-1,-1,4,2,0,-1,1,2,2,-3,-1,1,2,1,-1,0,1,-1,0,3,1,-1,-1,0,2,0,2,2,2,-2,0,1,1,1,-7,-1,-2,0,-2,-1,23,1,1,1,2,-1,1,-1,0,1,1,0,0,0,0,1,0,1,0,0,1,0,0,0,0,0,0,2,0,0,1,-1,-1,1,0,3,-8,4,1,1,2,0,0
1,0,2,2,0,-2,1,1,1,0,2,-3,-3,2,-2,-1,-3,1,0,1,1,3,3,1,2,1,1,-1,1,1,1,-1,2,1,-1,-1,1,1,-1,1,2,-2,2,1,-1,0,-2,-1,1,-1,0,-1,1,0,1,-1,0,3,-1,1,-1,-2,0,0,0,2,0,2,0,-1,-1,-1,7,1,2,0,0,1,23,1,1,1,0,1,1,1,0,1,1,2,2,2,2,1,2,1,2,2,1,2,2,2,2,2,2,0,2,2,3,3,1,1,0,-1,10,-2,-1,-1,-2,-2,0
1,0,2,0,0,0,1,-1,1,0,2,-1,3,2,-2,-1,1,-1,0,3,1,1,1,-1,-2,1,1,-1,1,-1,1,1,0,-1,1,1,-1,1,1,-1,-2,0,0,1,-1,2,-2,1,-1,-1,2,1,-1,-2,-1,1,0,1,1,1,1,2,2,0,0,0,0,2,2,-1,-1,1,-7,-1,2,2,0,-1,-23,1,1,1,2,-1,-1,1,2,-1,-1,0,-2,0,0,-1,0,-1,0,0,-1,0,-2,-2,-2,-2,-2,0,-2,-2,-3,-1,1,-1,0,1,6,-2,-1,1,-2,-2,0
-1,0,0,-2,0,-6,-1,-1,-1,0,2,-3,-1,0,-2,-1,1,1,-2,3,1,3,1,-1,0,-1,-1,-1,-1,-1,-1,-1,-2,-1,-1,-1,-1,-3,1,1,0,0,0,-1,-1,0,-2,-3,-1,1,0,1,-1,-2,1,1,0,1,-1,1,-1,-2,-2,0,0,0,0,0,2,1,1,-1,-7,-1,0,0,-2,1,23,1,-1,1,-2,-1,1,1,0,1,1,2,2,2,2,1,2,1,2,2,1,2,0,0,0,0,0,2,0,0,3,3,1,1,2,-3,10,2,-1,1,-2,-2,0
-1,-2,0,0,0,10,-1,-1,1,0,-2,1,1,0,2,1,3,-1,2,1,-1,-1,-1,1,-2,1,1,-1,1,1,1,1,0,1,-1,1,1,1,-1,1,2,0,2,1,1,2,-2,-1,1,-1,0,1,1,2,-1,1,2,3,1,-1,1,0,2,0,2,2,0,-2,0,-1,-1,-1,-7,-1,0,0,2,-1,23,1,-1,1,-2,1,1,-1,2,1,1,2,2,2,2,1,2,1,2,2,1,2,0,0,0,0,0,0,0,0,1,-1,1,1,0,-1,8,-4,-1,-1,2,2,1
1,2,0,2,0,0,1,-1,-1,0,0,-1,1,-2,2,1,1,1,0,5,-1,1,-1,1,0,1,1,-1,1,1,1,1,2,-1,-1,-1,1,-1,1,-1,4,-2,2,-1,-1,-2,-2,-3,1,1,-2,-1,-1,2,1,-1,2,1,1,1,1,2,0,0,2,0,2,-2,2,1,1,1,7,-1,2,2,2,-1,-15,1,-1,1,0,1,1,-1,0,-1,-1,2,0,2,0,-1,0,-1,0,0,-1,0,0,0,0,0,0,-2,0,0,-1,-1,1,-1,0,-1,10,4,-1,1,2,2,0
-1,0,0,-2,-2,-6,-1,-1,-1,0,0,-1,-1,-2,-2,-1,3,-1,0,1,1,1,1,-1,2,1,-1,-1,1,1,1,-1,-2,-1,1,1,1,-1,-1,-1,-2,0,2,1,-1,2,-2,-3,-1,1,-2,1,1,0,1,-1,0,1,1,1,-1,-2,-2,0,2,2,0,-2,0,-1,-1,-1,-7,1,0,0,-2,-1,-25,1,-1,1,0,-1,1,-1,0,-1,-1,-2,-2,-2,-2,-1,-2,-1,-2,-2,-1,-2,-2,-2,-2,-2,-2,-2,-2,-2,-3,1,-1,-1,-2,3,-6,-4,-1,-1,-2,-2,1
1,0,0,2,2,-10,1,1,1,-2,0,1,1,-2,-2,1,-1,-1,2,-1,1,3,1,-1,0,1,1,-1,-1,1,1,1,0,-1,-1,1,1,1,1,1,-2,2,0,-1,-1,2,2,-3,-1,1,-2,-1,1,0,-1,-1,-2,-3,-1,1,-1,0,2,0,0,2,0,0,-2,-1,-1,1,7,-1,2,-2,2,1,-15,1,1,-1,0,-1,1,1,-2,-1,-1,2,2,2,0,-1,0,-1,0,0,-1,0,0,0,0,0,0,-2,0,0,1,-3,-1,-1,0,1,4,-2,1,1,0,0,1
-1,0,-2,2,0,4,1,1,-1,0,-2,1,1,0,2,1,3,-1,0,-1,-1,1,-1,1,2,1,-1,-1,-1,1,1,1,0,-1,1,1,1,1,1,1,4,-2,0,-1,-1,-2,-2,-1,-1,-1,0,1,1,0,1,-1,0,-1,1,-1,1,2,2,2,0,-2,0,0,-2,-1,-1,1,-7,1,2,0,2,1,25,-1,1,-1,2,1,1,1,-2,1,1,2,2,2,2,1,2,1,2,2,1,2,0,0,0,0,0,0,0,0,3,1,1,1,2,3,10,-2,-1,1,0,2,0
-1,-2,-2,-2,-2,-10,-1,-1,1,0,0,3,3,0,2,1,3,1,2,1,1,1,1,-1,0,1,1,-1,-1,-1,-1,1,2,-1,1,1,-1,1,1,1,-2,-2,0,1,-1,-2,-2,-3,1,-1,-2,-1,-1,0,-1,-1,0,1,1,1,-1,-2,-2,0,0,-2,0,0,-2,-1,-1,-1,-7,-1,-2,-2,2,1,25,-1,1,1,-2,-1,1,1,0,1,1,0,2,0,0,1,0,1,0,0,1,0,0,0,0,0,0,0,0,0,3,3,-1,1,2,-1,-10,-4,-1,1,2,2,1
1,0,0,-2,0,-2,1,1,-1,-2,0,1,1,-2,-2,-1,3,1,0,3,1,1,1,-1,2,1,3,1,1,1,-1,-1,2,1,1,1,1,1,1,1,-2,-2,2,-1,-1,0,-2,-1,1,1,0,-1,-1,0,1,-1,0,3,1,1,1,0,-2,0,2,2,2,0,-2,1,1,-1,7,1,-2,0,4,-1,25,1,1,1,0,1,1,1,2,1,1,2,2,2,2,1,2,1,2,2,1,2,2,2,2,2,2,2,2,2,1,1,1,1,2,-1,10,4,-1,-1,-2,-2,0
1,-2,0,0,0,-8,-1,-1,1,-2,2,-1,-1,0,-2,-1,-1,-1,0,3,1,1,1,-1,-2,1,1,-1,-1,1,1,-1,-2,1,-1,-1,1,-1,-1,-1,-2,-2,2,1,-1,0,-2,-3,1,1,-2,-1,-1,0,1,-1,0,3,-1,1,-1,-2,0,-2,0,2,-2,-2,2,-1,-1,-1,7,-1,0,0,2,1,-25,1,1,1,-2,1,1,-1,2,-1,-1,0,-2,0,0,-1,0,-1,0,0,-1,0,0,0,0,0,0,-2,0,0,-1,1,1,-1,-2,-1,10,-4,-1,-1,-2,-2,0
-1,-2,0,-2,-2,6,1,-1,-1,0,0,-1,1,-2,2,1,3,-1,-2,1,1,1,1,-1,0,-1,1,-1,1,-1,-1,-1,0,-1,-1,1,1,1,1,-1,0,0,0,-1,1,2,-2,1,-1,1,0,1,1,2,-1,1,0,1,1,-1,1,0,0,0,2,0,-4,0,0,1,1,-1,7,-1,-2,-2,2,-1,23,-1,-3,1,0,-1,1,1,2,1,1,0,0,0,0,1,0,1,0,0,1,0,2,2,2,2,2,0,2,2,1,-3,-1,1,2,-1,-8,2,-1,1,2,2,1
1,-2,0,2,0,-8,1,-1,1,-2,2,-1,-3,0,-2,-1,3,-1,0,1,1,3,1,-1,0,1,-1,1,-1,1,-1,1,-2,1,1,1,1,3,-1,1,0,2,2,-1,-1,0,2,-1,-1,-1,-2,1,-1,-2,-1,1,0,3,1,1,-1,-2,2,2,0,-2,0,0,0,-1,-1,-1,7,-1,0,0,-2,1,-17,1,1,1,0,1,1,-1,0,-1,-1,0,2,0,-2,-1,-2,-1,-2,-2,-1,-2,0,0,0,0,0,-2,0,0,1,-3,-1,-1,-2,-1,-8,-2,1,1,-2,-2,1
-1,2,2,2,2,10,-1,1,1,2,0,3,3,-2,2,1,3,-1,2,5,1,-1,3,1,2,1,1,-1,-1,1,-1,1,2,1,1,1,-1,3,1,-1,4,0,2,-1,-1,0,-2,1,1,1,0,1,1,2,1,1,2,3,1,1,1,0,2,2,0,-2,0,0,2,1,1,-1,7,1,-2,0,2,-1,25,1,-1,1,-2,1,-1,1,0,1,1,2,0,2,2,1,2,1,2,2,1,2,2,2,2,2,2,0,2,2,1,1,1,1,2,-3,10,4,-1,1,2,2,0
1,0,0,2,0,10,1,-1,1,-2,-2,1,1,-2,-2,-1,-3,-1,0,5,1,3,3,1,0,1,1,-1,-1,1,-1,1,2,-1,1,1,-1,3,-1,-1,0,0,0,1,1,0,-2,-1,1,1,0,1,1,2,-1,1,2,1,-1,1,1,2,2,0,-2,0,2,0,-2,1,1,1,7,1,0,0,4,1,25,1,-3,1,2,-1,1,1,-2,1,1,2,0,2,2,1,2,1,2,2,1,2,2,2,2,2,2,0,2,2,3,-1,1,1,0,-1,8,4,-1,-1,0,-2,0
-1,0,2,-2,0,-4,-1,-1,1,-2,-2,-1,-3,0,2,1,1,-1,0,3,-1,-1,-1,1,-2,1,1,-1,1,1,-1,1,2,-1,1,1,1,3,1,1,2,0,2,1,-1,0,2,-1,-1,-1,2,1,1,0,1,-1,0,1,-1,1,-1,-2,-2,0,2,0,2,-2,0,1,1,-1,7,-1,-2,2,-4,-1,-25,1,1,1,0,1,1,-1,0,-1,-1,0,0,0,0,-1,0,-1,0,0,-1,0,0,0,0,0,0,0,0,0,-3,1,-1,-1,0,3,4,4,1,1,0,2,1
1,0,2,2,2,-4,1,1,1,-2,0,3,1,0,-2,1,3,1,2,3,-1,1,-1,-1,2,1,1,1,1,1,-1,1,2,1,1,-1,-1,-1,1,1,0,0,2,-1,1,0,2,3,1,-1,0,-1,-1,0,-1,1,0,3,1,1,-1,-2,0,2,2,2,2,-2,0,-1,-1,-1,7,1,-2,0,4,1,25,1,1,1,2,1,1,-1,0,1,1,2,2,2,2,1,2,1,2,2,1,2,2,2,2,2,2,2,2,2,3,3,1,1,2,-1,10,-2,1,1,0,0,0
1,2,0,-2,0,-8,1,1,1,0,0,1,1,-2,2,1,1,-1,2,-1,1,1,1,-1,-2,1,-1,1,-1,1,1,1,-2,1,-1,1,1,1,1,-1,-4,0,2,1,-1,2,0,-1,-1,-1,-2,-1,-1,0,1,-1,0,3,1,1,-1,-2,0,0,-2,0,2,-2,2,-1,-1,-1,7,-1,0,2,4,1,25,1,-3,1,0,-1,1,-1,0,1,1,0,0,0,0,1,0,1,0,0,1,0,2,2,2,2,2,0,2,2,3,-1,-1,1,2,-1,-10,-2,1,-1,0,2,0
1,0,2,-2,2,0,-1,1,-1,0,0,-3,-3,-2,-2,-1,3,-1,0,3,1,3,1,-1,2,1,1,1,-1,1,1,1,0,1,-1,1,1,1,-1,-1,0,0,2,-1,1,0,2,1,1,1,-2,-1,1,0,1,-1,0,3,1,-1,1,0,-2,0,0,2,4,-2,0,1,1,-1,7,1,2,0,-2,-1,-25,1,-1,1,0,1,1,-1,2,-1,-1,0,-2,0,0,-1,0,-1,0,0,-1,0,0,0,0,0,0,-2,0,0,-3,1,1,-1,-2,1,10,2,1,1,-2,-2,0
-1,2,2,-2,0,-10,1,1,-1,0,0,1,-1,-2,-2,-1,1,-1,2,1,1,1,1,-1,-2,1,1,1,1,1,-1,-1,0,1,-1,1,-1,-1,-1,1,0,0,2,1,-1,0,-2,1,-1,1,-2,1,1,0,-1,-1,0,3,-1,1,-1,-2,-2,0,2,0,-2,-2,0,1,1,-1,7,-1,-2,0,2,-1,23,1,-1,1,0,-1,1,-1,0,1,1,0,2,0,0,1,0,1,0,0,1,0,2,2,2,2,2,0,2,2,1,-1,-1,1,0,-3,-6,2,-1,1,0,-2,1
-1,0,2,-2,0,-6,-1,1,1,0,-2,1,-1,-2,-2,-1,3,-1,2,1,1,1,1,-1,-2,1,-1,1,1,-1,1,-1,-2,1,-1,1,1,1,-1,-1,-2,-2,0,1,1,0,-2,1,1,1,0,-1,-1,0,-1,-1,2,3,1,1,1,0,-2,0,2,2,-2,0,-2,-1,-1,1,-7,-1,0,-2,0,1,-25,1,-1,1,0,-1,1,1,0,-1,-1,-2,-2,-2,-2,-1,-2,-1,-2,-2,-1,-2,-2,-2,-2,-2,-2,0,-2,-2,-1,-3,-1,-1,-2,3,-10,-4,-1,1,0,-2,1
-1,0,0,0,0,-4,1,1,1,-2,0,-3,-1,0,-2,1,1,-1,0,1,-1,-3,-1,1,0,1,-1,1,1,-1,-1,-1,-2,1,-1,1,-1,3,-1,-1,4,-2,0,1,1,-2,-2,-1,1,1,-2,-1,-1,0,1,-1,0,3,1,1,-1,0,-2,0,2,-2,0,-2,0,-1,-1,-1,7,-1,-2,0,0,1,23,1,-3,1,0,-1,-1,-1,0,1,1,0,0,0,0,1,0,1,0,0,1,0,2,2,2,2,2,0,2,2,3,3,-1,1,0,-3,-8,0,-1,1,-2,0,1
-1,0,0,-2,0,-6,1,1,1,0,2,1,3,-2,-2,-1,3,-1,0,-1,1,1,1,-1,2,1,1,1,1,1,1,1,0,1,1,1,-1,3,-1,1,-4,-2,2,-1,1,0,-2,-1,-1,-1,2,-1,-1,0,1,-1,0,3,1,1,-1,-2,-2,0,2,2,2,0,2,1,1,-1,-7,1,0,0,0,-1,-15,1,1,1,0,1,1,1,0,-1,-1,2,2,2,0,-1,0,-1,0,0,-1,0,-2,-2,-2,-2,-2,0,-2,-2,-1,1,1,-1,-2,-3,8,4,-1,-1,-2,-2,0
1,0,0,2,-2,6,-1,-1,-1,0,0,1,1,-2,-2,-1,3,-1,2,-1,-1,1,-1,1,2,1,1,-1,-1,1,1,1,0,1,-1,1,1,1,1,-1,4,0,0,1,-1,0,-2,-1,-1,-1,0,1,1,2,1,1,2,3,1,1,1,0,2,2,0,0,0,-2,-2,1,1,1,-7,1,2,-2,4,-1,25,1,1,1,-2,1,1,-1,-2,1,1,0,0,0,0,1,0,1,0,0,1,0,0,0,0,0,0,0,0,0,1,1,1,1,2,-1,-4,2,-1,1,0,-2,1
1,2,0,0,0,-6,-1,1,-1,2,0,1,-1,-2,-2,-1,-1,1,2,1,1,1,1,-1,-2,1,1,-1,1,-1,1,-1,0,1,1,1,1,1,1,1,0,2,0,1,-1,2,2,-1,1,-1,-2,-1,1,0,-1,-1,0,3,-1,1,-1,0,2,0,0,0,-4,-2,0,-1,-1,1,-7,-1,0,-2,-2,-1,-25,-1,-1,1,-2,1,1,-1,2,-1,-1,-2,0,-2,-2,-1,-2,-1,-2,-2,-1,-2,-2,-2,-2,-2,-2,-2,-2,-2,-3,-1,1,-1,0,-1,-4,0,1,1,0,-2,0
1,0,0,2,-2,2,1,-1,1,-2,0,1,-3,0,2,1,3,1,2,-1,-1,1,-1,1,-2,1,1,1,1,1,1,-1,2,1,1,1,1,1,1,-1,4,-2,2,1,1,0,0,1,1,1,-2,-1,-1,2,1,1,-2,1,1,-1,-1,0,0,2,2,0,0,-2,0,-1,-1,-1,-7,-1,2,0,-2,1,-25,1,-1,1,2,-1,1,-1,2,-1,-1,-2,-2,-2,-2,-1,-2,-1,-2,-2,-1,-2,-2,-2,-2,-2,-2,-2,-2,-2,-1,1,-1,-1,0,3,-8,-2,1,1,2,2,1
1,2,-2,-2,0,-10,-1,-1,1,0,0,3,-1,0,-2,-1,-1,-1,2,3,1,1,1,-1,-2,1,1,1,-1,1,1,1,-2,1,1,-1,-1,1,-1,-1,0,2,2,1,-1,0,0,-1,1,1,-2,-1,-1,-2,-1,1,0,3,-1,1,-1,-2,-2,-2,0,0,0,0,-2,1,1,-1,-7,-1,0,-2,2,-1,-25,-1,1,1,0,-1,1,1,2,-1,-1,-2,-2,-2,-2,-1,-2,-1,-2,-2,-1,-2,-2,-2,-2,-2,-2,-2,-2,-2,-3,-1,-1,-1,-2,1,-8,4,-1,1,-2,-2,1
1,0,-2,-2,0,6,-1,-1,1,0,0,-1,-3,-2,-2,-1,-1,1,2,3,1,1,3,1,0,1,1,1,-1,1,-1,1,0,-1,-1,-1,-1,-1,-1,1,4,2,2,-1,-1,2,2,1,-1,1,0,1,1,0,1,-1,0,-1,-1,1,1,2,0,-2,0,0,-2,0,0,1,1,1,7,-1,0,-2,-2,1,-17,-1,-3,-1,-2,-1,-1,1,0,-1,-1,0,2,0,-2,-1,-2,-1,-2,-2,-1,-2,0,0,0,0,0,-2,0,0,1,-3,-1,-1,-2,-3,-8,0,1,1,-2,-2,1
1,-2,2,2,2,12,1,1,1,-2,0,3,1,2,-2,-1,3,-1,0,3,-1,1,-1,1,-2,-1,1,1,1,1,1,-1,0,-1,1,1,1,1,1,-1,4,0,2,1,1,2,0,3,1,1,2,1,1,2,1,1,2,1,1,-1,1,0,2,2,2,2,0,0,-2,-1,-1,-1,7,-1,2,0,2,-1,-13,1,1,1,2,1,1,-1,2,-1,-1,0,0,0,-2,-1,-2,-1,-2,-2,-1,-2,0,0,0,0,0,2,0,0,-1,1,1,-1,0,1,-4,-4,1,1,0,-2,0
-1,-2,-2,0,-2,0,-1,-1,1,-2,-2,-1,-3,-2,-2,-1,-1,1,2,-3,-1,1,-3,-1,0,1,1,-1,-1,1,1,-1,0,1,-1,-1,-1,-1,-1,-1,-2,-2,0,1,1,0,0,-3,-1,1,2,-1,-1,2,1,-1,-2,1,-1,1,-1,0,2,0,-2,2,-2,-2,0,1,1,-1,-7,1,2,0,-2,-1,23,-1,-3,1,0,-1,1,-1,-2,1,1,0,0,0,0,1,0,1,0,0,1,0,0,0,0,0,0,2,0,0,1,-1,1,1,0,-1,-4,0,1,-1,0,-2,1
-1,0,0,-2,0,12,1,-1,-1,-2,2,-1,-3,0,2,1,1,1,0,3,1,3,1,-1,0,1,-1,1,1,1,1,-1,0,-1,1,1,-1,1,-1,-1,0,0,2,1,1,2,-2,1,-1,-1,2,1,1,0,1,1,2,1,-1,-1,1,2,0,0,2,0,-2,0,0,-1,-1,1,7,-1,2,0,-4,-1,-25,1,1,1,0,1,1,1,2,-1,-1,0,-2,0,0,-1,0,-1,0,0,-1,0,0,0,0,0,0,0,0,0,-3,1,-1,-1,-2,-3,6,0,-1,1,0,2,0
-1,-2,2,-2,0,12,1,-1,-1,0,2,1,3,-2,-2,-1,3,1,0,3,-1,-3,-3,-1,-2,1,-1,1,-1,1,-1,-1,-2,1,1,1,1,1,1,-1,-2,0,2,1,1,0,2,3,1,1,0,1,1,2,-1,1,2,3,1,1,1,0,0,0,0,2,0,-2,0,1,1,-1,7,-1,-2,0,2,-1,-19,1,1,1,2,1,-1,-1,0,-1,-1,-2,-2,-2,-2,-1,-2,-1,-2,-2,-1,-2,0,0,0,0,0,-2,0,0,1,-3,-1,-1,2,1,-10,2,1,1,0,-2,0
1,0,2,2,2,-6,-1,1,-1,0,0,-1,-1,2,-2,1,3,-1,0,3,1,3,1,-1,-2,1,-1,1,1,1,-1,1,0,1,-1,-1,-1,-1,-1,-1,0,-2,0,1,1,0,-2,1,1,-1,-2,-1,-1,-2,-1,1,0,3,1,1,-1,2,0,2,2,2,0,0,2,1,1,1,7,-1,0,0,4,-1,-17,1,-1,1,0,1,1,-1,-2,-1,-1,0,0,0,-2,-1,-2,-1,-2,-2,-1,-2,0,0,0,0,0,-2,0,0,1,1,1,-1,-2,-1,-4,2,-1,1,-2,0,1
-1,2,2,-2,0,-8,-1,1,1,0,-2,3,-1,2,-2,-1,-1,-1,2,-3,-1,1,-1,1,0,1,1,1,-1,-1,1,-1,2,-1,1,-1,1,1,-1,1,4,0,-2,1,-1,2,-2,1,1,-1,-2,-1,-1,0,-1,-1,-2,-1,1,-1,-1,-2,0,-2,-2,0,-4,2,-2,1,1,-1,-7,-1,2,-2,2,-1,-21,1,-1,1,-2,1,1,1,0,-1,-1,-2,0,-2,-2,-1,-2,-1,-2,-2,-1,-2,-2,-2,-2,-2,-2,-2,-2,-2,1,1,-1,-1,0,-1,-8,4,-1,1,-2,-2,1
1,-2,-2,0,0,-2,1,1,-1,0,0,-1,-1,-2,2,1,-1,-1,0,1,1,1,1,-1,2,1,-1,-1,-1,1,1,1,2,-1,1,1,1,-1,-1,1,-2,-2,2,1,-1,-2,0,-3,-1,-1,2,-1,-1,0,1,-1,2,-1,-1,-1,-1,2,2,-2,0,-2,0,-2,0,1,1,1,-7,1,0,0,-2,-1,-25,-1,1,-1,2,1,1,-1,0,-1,-1,0,0,0,0,-1,0,-1,0,0,-1,0,-2,-2,-2,-2,-2,0,-2,-2,-3,3,1,-1,-2,1,8,0,1,1,0,2,0
-1,0,2,-2,0,-4,1,-1,1,0,-2,-1,1,2,-2,-1,3,-1,0,3,1,3,3,1,-2,1,1,1,1,1,1,1,-2,1,-1,1,1,3,-1,1,0,-2,2,-1,-1,-2,-2,1,-1,1,2,-1,1,0,1,-1,0,1,1,1,1,-2,-2,0,2,-2,0,2,-2,-1,-1,-1,7,-1,2,0,0,-1,-25,1,-1,-1,2,-1,1,1,2,-1,-1,-2,0,-2,-2,-1,-2,-1,-2,-2,-1,-2,0,0,0,0,0,0,0,0,-3,-3,-1,-1,-2,3,-10,0,-1,-1,-2,-2,0
-1,2,0,-2,-2,-2,-1,-1,1,0,0,-3,-3,0,2,1,-3,1,0,1,-1,1,-1,1,2,1,1,1,-1,1,-1,-1,2,1,-1,1,-1,3,-1,1,0,0,2,-1,1,0,-2,1,-1,-1,-2,-1,1,0,-1,1,0,3,-1,1,1,0,-2,-2,-2,-2,0,2,-2,-1,-1,1,7,1,0,0,-4,1,-17,-1,1,1,0,-1,1,1,0,-1,-1,2,2,2,0,-1,0,-1,0,0,-1,0,0,0,0,0,0,-2,0,0,1,-1,-1,-1,-2,1,4,0,-1,-1,0,2,1
1,2,-2,-2,-2,12,-1,-1,-1,2,0,3,3,-2,2,1,1,1,2,1,1,1,1,1,2,1,3,1,1,1,-1,1,0,-1,1,-1,1,-3,1,-1,2,-2,0,1,1,-2,0,1,-1,1,0,1,1,2,1,1,2,1,1,1,1,2,0,0,0,-2,2,0,-2,1,1,1,-7,1,-2,0,4,-1,25,-1,1,1,0,-1,1,1,0,1,1,2,0,2,2,1,2,1,2,2,1,2,0,0,0,0,0,0,0,0,1,3,1,1,2,3,10,2,1,1,2,2,0
1,0,-2,0,2,0,1,1,1,2,2,1,1,-2,2,1,-1,1,-2,1,1,3,1,-1,2,-1,-1,1,1,1,1,-1,-2,1,1,-1,-1,-1,-1,-1,0,2,2,-1,1,0,2,-1,1,-1,2,-1,-1,2,-1,-1,0,3,-1,-1,-1,0,2,0,0,0,0,-2,2,-1,-1,-1,7,1,2,0,4,-1,23,-1,1,1,0,-1,1,-1,2,1,1,2,0,2,2,1,2,1,2,2,1,2,2,2,2,2,2,2,2,2,1,1,1,1,0,-1,10,-4,1,1,2,2,0
-1,0,2,2,0,10,-1,-1,1,2,0,-3,-1,-2,2,-1,-1,-1,-2,3,-1,1,-1,1,0,-1,-1,1,-1,-1,-1,-1,0,-1,-1,-1,-1,-1,1,-1,4,-2,0,1,1,0,-2,3,1,1,2,1,1,2,-1,1,2,1,-1,-1,1,2,2,0,0,0,-2,0,-2,1,1,1,-7,-1,0,0,-4,-1,-17,1,3,1,0,1,1,1,0,-1,-1,2,0,2,0,-1,0,-1,0,0,-1,0,-2,-2,-2,-2,-2,0,-2,-2,-1,1,1,-1,0,1,10,0,-1,1,2,0,1
1,2,2,2,-2,-8,-1,-1,1,2,0,1,-1,2,-2,-1,3,-1,2,-1,1,1,3,1,0,1,3,1,1,1,-1,-1,2,-1,1,1,-1,3,-1,-1,4,2,2,-1,-1,2,0,1,-1,1,0,1,-1,-2,-1,-1,-2,-1,1,1,-1,0,0,2,2,0,-4,2,-2,1,1,-1,-7,1,0,-2,0,1,23,1,1,1,-2,1,-1,1,2,1,1,0,0,0,0,1,0,1,0,0,1,0,0,0,0,0,0,0,0,0,3,-3,-1,1,0,-3,-8,4,-1,1,-2,-2,1
-1,0,0,0,0,10,-1,-1,-1,-2,0,-1,-3,-2,-2,-1,-3,-1,0,3,-1,-3,-3,-1,2,1,-1,1,1,-1,-1,1,2,1,1,-1,1,-3,-1,1,-2,0,0,-1,1,0,-2,1,-1,-1,2,1,1,0,1,1,2,3,-1,-1,1,0,2,-2,0,-2,0,-2,-2,1,1,-1,-7,1,-2,-2,-4,-1,-25,1,-1,1,-2,-1,-1,-1,0,-1,-1,0,0,0,0,-1,0,-1,0,0,-1,0,-2,-2,-2,-2,-2,0,-2,-2,-3,1,1,-1,-2,-1,8,2,-1,1,-2,-2,1
